1	19.81	0.07	19.81	19.81	19.81	19.81	19.81	19.81	0	0	0	0	0	0	
2	58.99	0.17	58.99	58.99	58.99	58.99	58.99	58.99	0	0	0	0	0	0	
3	32.98	0.15	32.98	32.98	32.98	32.98	32.98	32.98	0	0	0	0	0	0	
4	67.98	0.12	67.98	67.98	67.98	67.98	67.98	67.98	0	0	0	0	0	0	
5	24.29	0.11	24.29	24.29	24.29	24.29	24.29	24.29	0	0	0	0	0	0	
6	61.76	0.12	61.76	61.76	61.76	61.76	61.76	61.76	0	0	0	0	0	0	
7	48.21	0.15	48.21	48.21	48.21	48.21	48.21	48.21	0	0	0	0	0	0	
8	72.00	0.20	72.00	72.00	72.00	72.00	72.00	72.00	0	0	0	0	0	0	
9	11.42	0.16	11.42	11.42	11.42	11.42	11.42	11.42	0	0	0	0	0	0	
10	74.48	0.07	74.48	74.48	74.48	74.48	74.48	74.48	0	0	0	0	0	0	
11	10.43	0.06	10.43	10.43	10.43	10.43	10.43	10.43	0	0	0	0	0	0	
12	61.99	0.07	61.99	61.99	61.99	61.99	61.99	61.99	0	0	0	0	0	0	
13	78.79	0.11	78.79	78.79	78.79	78.79	78.79	78.79	0	0	0	0	0	0	
14	10.99	0.11	10.99	10.99	10.99	10.99	10.99	10.99	0	0	0	0	0	0	
15	34.41	0.15	34.41	34.41	34.41	34.41	34.41	34.41	0	0	0	0	0	0	
16	67.41	0.17	67.41	67.41	67.41	67.41	67.41	67.41	0	0	0	0	0	0	
17	56.93	0.08	56.93	56.93	56.93	56.93	56.93	56.93	0	0	0	0	0	0	
18	41.22	0.16	41.22	41.22	41.22	41.22	41.22	41.22	0	0	0	0	0	0	
19	37.35	0.10	37.35	37.35	37.35	37.35	37.35	37.35	0	0	0	0	0	0	
20	49.04	0.16	49.04	49.04	49.04	49.04	49.04	49.04	0	0	0	0	0	0	
21	7.29	0.06	7.29	7.29	7.29	7.29	7.29	7.29	0	0	0	0	0	0	
22	50.85	0.06	50.85	50.85	50.85	50.85	50.85	50.85	0	0	0	0	0	0	
23	13.77	0.09	13.77	13.77	13.77	13.77	13.77	13.77	0	0	0	0	0	0	
24	54.35	0.09	54.35	54.35	54.35	54.35	54.35	54.35	0	0	0	0	0	0	
25	33.86	0.08	33.86	33.86	33.86	33.86	33.86	33.86	0	0	0	0	0	0	
26	72.87	0.18	72.87	72.87	72.87	72.87	72.87	72.87	0	0	0	0	0	0	
27	47.72	0.12	47.72	47.72	47.72	47.72	47.72	47.72	0	0	0	0	0	0	
28	33.77	0.12	33.77	33.77	33.77	33.77	33.77	33.77	0	0	0	0	0	0	
29	58.95	0.18	58.95	58.95	58.95	58.95	58.95	58.95	0	0	0	0	0	0	
30	40.04	0.05	40.04	40.04	40.04	40.04	40.04	40.04	0	0	0	0	0	0	
31	72.88	0.08	72.88	72.88	72.88	72.88	72.88	72.88	0	0	0	0	0	0	
32	55.83	0.16	55.83	55.83	55.83	55.83	55.83	55.83	0	0	0	0	0	0	
33	17.78	0.09	17.78	17.78	17.78	17.78	17.78	17.78	0	0	0	0	0	0	
34	20.82	0.16	20.82	20.82	20.82	20.82	20.82	20.82	0	0	0	0	0	0	
35	52.69	0.17	52.69	52.69	52.69	52.69	52.69	52.69	0	0	0	0	0	0	
36	55.90	0.17	55.90	55.90	55.90	55.90	55.90	55.90	0	0	0	0	0	0	
37	62.00	0.06	62.00	62.00	62.00	62.00	62.00	62.00	0	0	0	0	0	0	
38	45.21	0.05	45.21	45.21	45.21	45.21	45.21	45.21	0	0	0	0	0	0	
39	68.41	0.19	68.41	68.41	68.41	68.41	68.41	68.41	0	0	0	0	0	0	
40	43.25	0.08	43.25	43.25	43.25	43.25	43.25	43.25	0	0	0	0	0	0	
41	35.72	0.13	35.72	35.72	35.72	35.72	35.72	35.72	0	0	0	0	0	0	
42	63.09	0.16	63.09	63.09	63.09	63.09	63.09	63.09	0	0	0	0	0	0	
43	78.17	0.12	78.17	78.17	78.17	78.17	78.17	78.17	0	0	0	0	0	0	
44	20.46	0.12	20.46	20.46	20.46	20.46	20.46	20.46	0	0	0	0	0	0	
45	6.82	0.07	6.82	6.82	6.82	6.82	6.82	6.82	0	0	0	0	0	0	
46	10.57	0.14	10.57	10.57	10.57	10.57	10.57	10.57	0	0	0	0	0	0	
47	39.50	0.10	39.50	39.50	39.50	39.50	39.50	39.50	0	0	0	0	0	0	
48	19.06	0.14	19.06	19.06	19.06	19.06	19.06	19.06	0	0	0	0	0	0	
49	14.44	0.08	14.44	14.44	14.44	14.44	14.44	14.44	0	0	0	0	0	0	
50	56.30	0.13	56.30	56.30	56.30	56.30	56.30	56.30	0	0	0	0	0	0	
51	76.79	0.12	76.79	76.79	76.79	76.79	76.79	76.79	0	0	0	0	0	0	
52	19.27	0.18	19.27	19.27	19.27	19.27	19.27	19.27	0	0	0	0	0	0	
53	78.59	0.08	78.59	78.59	78.59	78.59	78.59	78.59	0	0	0	0	0	0	
54	53.65	0.07	53.65	53.65	53.65	53.65	53.65	53.65	0	0	0	0	0	0	
55	15.77	0.11	15.77	15.77	15.77	15.77	15.77	15.77	0	0	0	0	0	0	
56	48.45	0.06	48.45	48.45	48.45	48.45	48.45	48.45	0	0	0	0	0	0	
57	41.25	0.08	41.25	41.25	41.25	41.25	41.25	41.25	0	0	0	0	0	0	
58	54.17	0.11	54.17	54.17	54.17	54.17	54.17	54.17	0	0	0	0	0	0	
59	56.28	0.16	56.28	56.28	56.28	56.28	56.28	56.28	0	0	0	0	0	0	
60	28.97	0.11	28.97	28.97	28.97	28.97	28.97	28.97	0	0	0	0	0	0	
61	57.64	0.05	57.64	57.64	57.64	57.64	57.64	57.64	0	0	0	0	0	0	
62	16.22	0.06	16.22	16.22	16.22	16.22	16.22	16.22	0	0	0	0	0	0	
63	68.81	0.13	68.81	68.81	68.81	68.81	68.81	68.81	0	0	0	0	0	0	
64	24.72	0.19	24.72	24.72	24.72	24.72	24.72	24.72	0	0	0	0	0	0	
65	53.74	0.08	53.74	53.74	53.74	53.74	53.74	53.74	0	0	0	0	0	0	
66	13.13	0.16	13.13	13.13	13.13	13.13	13.13	13.13	0	0	0	0	0	0	
67	18.76	0.09	18.76	18.76	18.76	18.76	18.76	18.76	0	0	0	0	0	0	
68	43.57	0.14	43.57	43.57	43.57	43.57	43.57	43.57	0	0	0	0	0	0	
69	22.62	0.05	22.62	22.62	22.62	22.62	22.62	22.62	0	0	0	0	0	0	
70	53.35	0.07	53.35	53.35	53.35	53.35	53.35	53.35	0	0	0	0	0	0	
71	39.16	0.12	39.16	39.16	39.16	39.16	39.16	39.16	0	0	0	0	0	0	
72	70.05	0.18	70.05	70.05	70.05	70.05	70.05	70.05	0	0	0	0	0	0	
73	9.11	0.14	9.11	9.11	9.11	9.11	9.11	9.11	0	0	0	0	0	0	
74	59.89	0.14	59.89	59.89	59.89	59.89	59.89	59.89	0	0	0	0	0	0	
75	7.63	0.16	7.63	7.63	7.63	7.63	7.63	7.63	0	0	0	0	0	0	
76	10.47	0.13	10.47	10.47	10.47	10.47	10.47	10.47	0	0	0	0	0	0	
77	49.63	0.09	49.63	49.63	49.63	49.63	49.63	49.63	0	0	0	0	0	0	
78	72.54	0.12	72.54	72.54	72.54	72.54	72.54	72.54	0	0	0	0	0	0	
79	30.67	0.07	30.67	30.67	30.67	30.67	30.67	30.67	0	0	0	0	0	0	
80	52.21	0.16	52.21	52.21	52.21	52.21	52.21	52.21	0	0	0	0	0	0	
81	47.03	0.10	47.03	47.03	47.03	47.03	47.03	47.03	0	0	0	0	0	0	
82	22.88	0.15	22.88	22.88	22.88	22.88	22.88	22.88	0	0	0	0	0	0	
83	42.38	0.05	42.38	42.38	42.38	42.38	42.38	42.38	0	0	0	0	0	0	
84	7.20	0.13	7.20	7.20	7.20	7.20	7.20	7.20	0	0	0	0	0	0	
85	71.07	0.08	71.07	71.07	71.07	71.07	71.07	71.07	0	0	0	0	0	0	
86	62.86	0.07	62.86	62.86	62.86	62.86	62.86	62.86	0	0	0	0	0	0	
87	23.10	0.12	23.10	23.10	23.10	23.10	23.10	23.10	0	0	0	0	0	0	
88	50.96	0.09	50.96	50.96	50.96	50.96	50.96	50.96	0	0	0	0	0	0	
89	15.27	0.05	15.27	15.27	15.27	15.27	15.27	15.27	0	0	0	0	0	0	
90	5.33	0.15	5.33	5.33	5.33	5.33	5.33	5.33	0	0	0	0	0	0	
91	71.09	0.06	71.09	71.09	71.09	71.09	71.09	71.09	0	0	0	0	0	0	
92	25.28	0.17	25.28	25.28	25.28	25.28	25.28	25.28	0	0	0	0	0	0	
93	13.35	0.12	13.35	13.35	13.35	13.35	13.35	13.35	0	0	0	0	0	0	
94	59.07	0.09	59.07	59.07	59.07	59.07	59.07	59.07	0	0	0	0	0	0	
95	39.60	0.14	39.60	39.60	39.60	39.60	39.60	39.60	0	0	0	0	0	0	
96	28.81	0.14	28.81	28.81	28.81	28.81	28.81	28.81	0	0	0	0	0	0	
97	56.02	0.14	56.02	56.02	56.02	56.02	56.02	56.02	0	0	0	0	0	0	
98	37.41	0.18	37.41	37.41	37.41	37.41	37.41	37.41	0	0	0	0	0	0	
99	75.28	0.15	75.28	75.28	75.28	75.28	75.28	75.28	0	0	0	0	0	0	
100	51.17	0.13	51.17	51.17	51.17	51.17	51.17	51.17	0	0	0	0	0	0	
101	41.63	0.13	41.63	41.63	41.63	41.63	41.63	41.63	0	0	0	0	0	0	
102	55.45	0.12	55.45	55.45	55.45	55.45	55.45	55.45	0	0	0	0	0	0	
103	30.91	0.10	30.91	30.91	30.91	30.91	30.91	30.91	0	0	0	0	0	0	
104	46.17	0.17	46.17	46.17	46.17	46.17	46.17	46.17	0	0	0	0	0	0	
105	53.36	0.20	53.36	53.36	53.36	53.36	53.36	53.36	0	0	0	0	0	0	
106	70.71	0.12	70.71	70.71	70.71	70.71	70.71	70.71	0	0	0	0	0	0	
107	20.20	0.08	20.20	20.20	20.20	20.20	20.20	20.20	0	0	0	0	0	0	
108	64.85	0.06	64.85	64.85	64.85	64.85	64.85	64.85	0	0	0	0	0	0	
109	34.39	0.19	34.39	34.39	34.39	34.39	34.39	34.39	0	0	0	0	0	0	
110	65.36	0.11	65.36	65.36	65.36	65.36	65.36	65.36	0	0	0	0	0	0	
111	12.20	0.10	12.20	12.20	12.20	12.20	12.20	12.20	0	0	0	0	0	0	
112	51.57	0.19	51.57	51.57	51.57	51.57	51.57	51.57	0	0	0	0	0	0	
113	32.04	0.17	32.04	32.04	32.04	32.04	32.04	32.04	0	0	0	0	0	0	
114	31.61	0.13	31.61	31.61	31.61	31.61	31.61	31.61	0	0	0	0	0	0	
115	30.28	0.15	30.28	30.28	30.28	30.28	30.28	30.28	0	0	0	0	0	0	
116	20.63	0.10	20.63	20.63	20.63	20.63	20.63	20.63	0	0	0	0	0	0	
117	45.12	0.06	45.12	45.12	45.12	45.12	45.12	45.12	0	0	0	0	0	0	
118	25.48	0.09	25.48	25.48	25.48	25.48	25.48	25.48	0	0	0	0	0	0	
119	60.66	0.09	60.66	60.66	60.66	60.66	60.66	60.66	0	0	0	0	0	0	
120	23.51	0.06	23.51	23.51	23.51	23.51	23.51	23.51	0	0	0	0	0	0	
121	32.37	0.18	32.37	32.37	32.37	32.37	32.37	32.37	0	0	0	0	0	0	
122	58.48	0.12	58.48	58.48	58.48	58.48	58.48	58.48	0	0	0	0	0	0	
123	76.39	0.17	76.39	76.39	76.39	76.39	76.39	76.39	0	0	0	0	0	0	
124	45.42	0.16	45.42	45.42	45.42	45.42	45.42	45.42	0	0	0	0	0	0	
125	29.21	0.10	29.21	29.21	29.21	29.21	29.21	29.21	0	0	0	0	0	0	
126	48.34	0.14	48.34	48.34	48.34	48.34	48.34	48.34	0	0	0	0	0	0	
127	27.82	0.08	27.82	27.82	27.82	27.82	27.82	27.82	0	0	0	0	0	0	
128	58.06	0.18	58.06	58.06	58.06	58.06	58.06	58.06	0	0	0	0	0	0	
129	39.10	0.17	39.10	39.10	39.10	39.10	39.10	39.10	0	0	0	0	0	0	
130	47.70	0.18	47.70	47.70	47.70	47.70	47.70	47.70	0	0	0	0	0	0	
131	75.59	0.11	75.59	75.59	75.59	75.59	75.59	75.59	0	0	0	0	0	0	
132	52.23	0.14	52.23	52.23	52.23	52.23	52.23	52.23	0	0	0	0	0	0	
133	5.75	0.15	5.75	5.75	5.75	5.75	5.75	5.75	0	0	0	0	0	0	
134	44.41	0.12	44.41	44.41	44.41	44.41	44.41	44.41	0	0	0	0	0	0	
135	8.95	0.13	8.95	8.95	8.95	8.95	8.95	8.95	0	0	0	0	0	0	
136	76.02	0.09	76.02	76.02	76.02	76.02	76.02	76.02	0	0	0	0	0	0	
137	59.41	0.15	59.41	59.41	59.41	59.41	59.41	59.41	0	0	0	0	0	0	
138	51.95	0.13	51.95	51.95	51.95	51.95	51.95	51.95	0	0	0	0	0	0	
139	78.51	0.14	78.51	78.51	78.51	78.51	78.51	78.51	0	0	0	0	0	0	
140	54.73	0.16	54.73	54.73	54.73	54.73	54.73	54.73	0	0	0	0	0	0	
141	79.31	0.17	79.31	79.31	79.31	79.31	79.31	79.31	0	0	0	0	0	0	
142	27.68	0.09	27.68	27.68	27.68	27.68	27.68	27.68	0	0	0	0	0	0	
143	50.64	0.10	50.64	50.64	50.64	50.64	50.64	50.64	0	0	0	0	0	0	
144	59.22	0.14	59.22	59.22	59.22	59.22	59.22	59.22	0	0	0	0	0	0	
145	61.27	0.20	61.27	61.27	61.27	61.27	61.27	61.27	0	0	0	0	0	0	
146	27.36	0.10	27.36	27.36	27.36	27.36	27.36	27.36	0	0	0	0	0	0	
147	48.61	0.11	48.61	48.61	48.61	48.61	48.61	48.61	0	0	0	0	0	0	
148	35.48	0.15	35.48	35.48	35.48	35.48	35.48	35.48	0	0	0	0	0	0	
149	31.27	0.13	31.27	31.27	31.27	31.27	31.27	31.27	0	0	0	0	0	0	
150	51.96	0.07	51.96	51.96	51.96	51.96	51.96	51.96	0	0	0	0	0	0	
151	30.36	0.11	30.36	30.36	30.36	30.36	30.36	30.36	0	0	0	0	0	0	
152	62.48	0.10	62.48	62.48	62.48	62.48	62.48	62.48	0	0	0	0	0	0	
153	26.13	0.05	26.13	26.13	26.13	26.13	26.13	26.13	0	0	0	0	0	0	
154	59.12	0.17	59.12	59.12	59.12	59.12	59.12	59.12	0	0	0	0	0	0	
155	8.72	0.17	8.72	8.72	8.72	8.72	8.72	8.72	0	0	0	0	0	0	
156	58.36	0.06	58.36	58.36	58.36	58.36	58.36	58.36	0	0	0	0	0	0	
157	6.94	0.12	6.94	6.94	6.94	6.94	6.94	6.94	0	0	0	0	0	0	
158	61.43	0.14	61.43	61.43	61.43	61.43	61.43	61.43	0	0	0	0	0	0	
159	47.60	0.17	47.60	47.60	47.60	47.60	47.60	47.60	0	0	0	0	0	0	
160	75.49	0.16	75.49	75.49	75.49	75.49	75.49	75.49	0	0	0	0	0	0	
161	71.71	0.14	71.71	71.71	71.71	71.71	71.71	71.71	0	0	0	0	0	0	
162	73.77	0.18	73.77	73.77	73.77	73.77	73.77	73.77	0	0	0	0	0	0	
163	73.30	0.10	73.30	73.30	73.30	73.30	73.30	73.30	0	0	0	0	0	0	
164	12.47	0.20	12.47	12.47	12.47	12.47	12.47	12.47	0	0	0	0	0	0	
165	56.92	0.14	56.92	56.92	56.92	56.92	56.92	56.92	0	0	0	0	0	0	
166	38.11	0.13	38.11	38.11	38.11	38.11	38.11	38.11	0	0	0	0	0	0	
167	24.35	0.15	24.35	24.35	24.35	24.35	24.35	24.35	0	0	0	0	0	0	
168	67.28	0.06	67.28	67.28	67.28	67.28	67.28	67.28	0	0	0	0	0	0	
169	77.60	0.19	77.60	77.60	77.60	77.60	77.60	77.60	0	0	0	0	0	0	
170	54.72	0.20	54.72	54.72	54.72	54.72	54.72	54.72	0	0	0	0	0	0	
171	61.28	0.17	61.28	61.28	61.28	61.28	61.28	61.28	0	0	0	0	0	0	
172	41.94	0.07	41.94	41.94	41.94	41.94	41.94	41.94	0	0	0	0	0	0	
173	75.23	0.14	75.23	75.23	75.23	75.23	75.23	75.23	0	0	0	0	0	0	
174	69.87	0.18	69.87	69.87	69.87	69.87	69.87	69.87	0	0	0	0	0	0	
175	21.02	0.15	21.02	21.02	21.02	21.02	21.02	21.02	0	0	0	0	0	0	
176	24.81	0.18	24.81	24.81	24.81	24.81	24.81	24.81	0	0	0	0	0	0	
177	63.14	0.07	63.14	63.14	63.14	63.14	63.14	63.14	0	0	0	0	0	0	
178	8.45	0.06	8.45	8.45	8.45	8.45	8.45	8.45	0	0	0	0	0	0	
179	42.59	0.07	42.59	42.59	42.59	42.59	42.59	42.59	0	0	0	0	0	0	
180	76.29	0.18	76.29	76.29	76.29	76.29	76.29	76.29	0	0	0	0	0	0	
181	23.11	0.20	23.11	23.11	23.11	23.11	23.11	23.11	0	0	0	0	0	0	
182	76.19	0.07	76.19	76.19	76.19	76.19	76.19	76.19	0	0	0	0	0	0	
183	26.69	0.17	26.69	26.69	26.69	26.69	26.69	26.69	0	0	0	0	0	0	
184	79.01	0.07	79.01	79.01	79.01	79.01	79.01	79.01	0	0	0	0	0	0	
185	63.87	0.11	63.87	63.87	63.87	63.87	63.87	63.87	0	0	0	0	0	0	
186	44.46	0.18	44.46	44.46	44.46	44.46	44.46	44.46	0	0	0	0	0	0	
187	43.53	0.20	43.53	43.53	43.53	43.53	43.53	43.53	0	0	0	0	0	0	
188	19.93	0.10	19.93	19.93	19.93	19.93	19.93	19.93	0	0	0	0	0	0	
189	42.34	0.11	42.34	42.34	42.34	42.34	42.34	42.34	0	0	0	0	0	0	
190	57.28	0.14	57.28	57.28	57.28	57.28	57.28	57.28	0	0	0	0	0	0	
191	64.30	0.19	64.30	64.30	64.30	64.30	64.30	64.30	0	0	0	0	0	0	
192	68.70	0.14	68.70	68.70	68.70	68.70	68.70	68.70	0	0	0	0	0	0	
193	61.51	0.16	61.51	61.51	61.51	61.51	61.51	61.51	0	0	0	0	0	0	
194	45.62	0.16	45.62	45.62	45.62	45.62	45.62	45.62	0	0	0	0	0	0	
195	8.11	0.10	8.11	8.11	8.11	8.11	8.11	8.11	0	0	0	0	0	0	
196	71.03	0.09	71.03	71.03	71.03	71.03	71.03	71.03	0	0	0	0	0	0	
197	9.93	0.08	9.93	9.93	9.93	9.93	9.93	9.93	0	0	0	0	0	0	
198	24.81	0.18	24.81	24.81	24.81	24.81	24.81	24.81	0	0	0	0	0	0	
199	61.36	0.10	61.36	61.36	61.36	61.36	61.36	61.36	0	0	0	0	0	0	
200	40.87	0.05	40.87	40.87	40.87	40.87	40.87	40.87	0	0	0	0	0	0	
201	42.37	0.15	42.37	42.37	42.37	42.37	42.37	42.37	0	0	0	0	0	0	
202	69.99	0.13	69.99	69.99	69.99	69.99	69.99	69.99	0	0	0	0	0	0	
203	78.76	0.05	78.76	78.76	78.76	78.76	78.76	78.76	0	0	0	0	0	0	
204	6.60	0.18	6.60	6.60	6.60	6.60	6.60	6.60	0	0	0	0	0	0	
205	20.84	0.14	20.84	20.84	20.84	20.84	20.84	20.84	0	0	0	0	0	0	
206	46.22	0.19	46.22	46.22	46.22	46.22	46.22	46.22	0	0	0	0	0	0	
207	45.78	0.10	45.78	45.78	45.78	45.78	45.78	45.78	0	0	0	0	0	0	
208	8.57	0.08	8.57	8.57	8.57	8.57	8.57	8.57	0	0	0	0	0	0	
209	50.24	0.10	50.24	50.24	50.24	50.24	50.24	50.24	0	0	0	0	0	0	
210	46.89	0.06	46.89	46.89	46.89	46.89	46.89	46.89	0	0	0	0	0	0	
211	39.63	0.05	39.63	39.63	39.63	39.63	39.63	39.63	0	0	0	0	0	0	
212	48.66	0.18	48.66	48.66	48.66	48.66	48.66	48.66	0	0	0	0	0	0	
213	73.08	0.07	73.08	73.08	73.08	73.08	73.08	73.08	0	0	0	0	0	0	
214	77.80	0.07	77.80	77.80	77.80	77.80	77.80	77.80	0	0	0	0	0	0	
215	57.62	0.10	57.62	57.62	57.62	57.62	57.62	57.62	0	0	0	0	0	0	
216	18.40	0.09	18.40	18.40	18.40	18.40	18.40	18.40	0	0	0	0	0	0	
217	79.81	0.06	79.81	79.81	79.81	79.81	79.81	79.81	0	0	0	0	0	0	
218	11.46	0.13	11.46	11.46	11.46	11.46	11.46	11.46	0	0	0	0	0	0	
219	75.08	0.08	75.08	75.08	75.08	75.08	75.08	75.08	0	0	0	0	0	0	
220	74.94	0.07	74.94	74.94	74.94	74.94	74.94	74.94	0	0	0	0	0	0	
221	22.20	0.10	22.20	22.20	22.20	22.20	22.20	22.20	0	0	0	0	0	0	
222	79.90	0.05	79.90	79.90	79.90	79.90	79.90	79.90	0	0	0	0	0	0	
223	58.31	0.15	58.31	58.31	58.31	58.31	58.31	58.31	0	0	0	0	0	0	
224	30.15	0.09	30.15	30.15	30.15	30.15	30.15	30.15	0	0	0	0	0	0	
225	71.56	0.16	71.56	71.56	71.56	71.56	71.56	71.56	0	0	0	0	0	0	
226	76.95	0.09	76.95	76.95	76.95	76.95	76.95	76.95	0	0	0	0	0	0	
227	23.16	0.15	23.16	23.16	23.16	23.16	23.16	23.16	0	0	0	0	0	0	
228	50.13	0.12	50.13	50.13	50.13	50.13	50.13	50.13	0	0	0	0	0	0	
229	75.34	0.19	75.34	75.34	75.34	75.34	75.34	75.34	0	0	0	0	0	0	
230	21.44	0.08	21.44	21.44	21.44	21.44	21.44	21.44	0	0	0	0	0	0	
231	71.74	0.09	71.74	71.74	71.74	71.74	71.74	71.74	0	0	0	0	0	0	
232	76.14	0.19	76.14	76.14	76.14	76.14	76.14	76.14	0	0	0	0	0	0	
233	77.67	0.20	77.67	77.67	77.67	77.67	77.67	77.67	0	0	0	0	0	0	
234	54.81	0.11	54.81	54.81	54.81	54.81	54.81	54.81	0	0	0	0	0	0	
235	71.44	0.05	71.44	71.44	71.44	71.44	71.44	71.44	0	0	0	0	0	0	
236	59.08	0.17	59.08	59.08	59.08	59.08	59.08	59.08	0	0	0	0	0	0	
237	45.88	0.18	45.88	45.88	45.88	45.88	45.88	45.88	0	0	0	0	0	0	
238	53.55	0.08	53.55	53.55	53.55	53.55	53.55	53.55	0	0	0	0	0	0	
239	60.43	0.17	60.43	60.43	60.43	60.43	60.43	60.43	0	0	0	0	0	0	
240	59.09	0.09	59.09	59.09	59.09	59.09	59.09	59.09	0	0	0	0	0	0	
241	77.80	0.19	77.80	77.80	77.80	77.80	77.80	77.80	0	0	0	0	0	0	
242	17.25	0.16	17.25	17.25	17.25	17.25	17.25	17.25	0	0	0	0	0	0	
243	15.01	0.17	15.01	15.01	15.01	15.01	15.01	15.01	0	0	0	0	0	0	
244	44.39	0.07	44.39	44.39	44.39	44.39	44.39	44.39	0	0	0	0	0	0	
245	67.64	0.19	67.64	67.64	67.64	67.64	67.64	67.64	0	0	0	0	0	0	
246	22.33	0.08	22.33	22.33	22.33	22.33	22.33	22.33	0	0	0	0	0	0	
247	13.47	0.16	13.47	13.47	13.47	13.47	13.47	13.47	0	0	0	0	0	0	
248	43.81	0.12	43.81	43.81	43.81	43.81	43.81	43.81	0	0	0	0	0	0	
249	78.72	0.10	78.72	78.72	78.72	78.72	78.72	78.72	0	0	0	0	0	0	
250	62.43	0.18	62.43	62.43	62.43	62.43	62.43	62.43	0	0	0	0	0	0	
251	79.43	0.10	79.43	79.43	79.43	79.43	79.43	79.43	0	0	0	0	0	0	
252	52.83	0.06	52.83	52.83	52.83	52.83	52.83	52.83	0	0	0	0	0	0	
253	77.96	0.08	77.96	77.96	77.96	77.96	77.96	77.96	0	0	0	0	0	0	
254	53.29	0.18	53.29	53.29	53.29	53.29	53.29	53.29	0	0	0	0	0	0	
255	77.97	0.09	77.97	77.97	77.97	77.97	77.97	77.97	0	0	0	0	0	0	
256	27.44	0.10	27.44	27.44	27.44	27.44	27.44	27.44	0	0	0	0	0	0	
257	16.87	0.08	16.87	16.87	16.87	16.87	16.87	16.87	0	0	0	0	0	0	
258	35.65	0.06	35.65	35.65	35.65	35.65	35.65	35.65	0	0	0	0	0	0	
259	19.82	0.11	19.82	19.82	19.82	19.82	19.82	19.82	0	0	0	0	0	0	
260	63.52	0.13	63.52	63.52	63.52	63.52	63.52	63.52	0	0	0	0	0	0	
261	71.16	0.20	71.16	71.16	71.16	71.16	71.16	71.16	0	0	0	0	0	0	
262	8.58	0.15	8.58	8.58	8.58	8.58	8.58	8.58	0	0	0	0	0	0	
263	42.11	0.12	42.11	42.11	42.11	42.11	42.11	42.11	0	0	0	0	0	0	
264	26.24	0.17	26.24	26.24	26.24	26.24	26.24	26.24	0	0	0	0	0	0	
265	52.66	0.06	52.66	52.66	52.66	52.66	52.66	52.66	0	0	0	0	0	0	
266	5.65	0.17	5.65	5.65	5.65	5.65	5.65	5.65	0	0	0	0	0	0	
267	31.28	0.16	31.28	31.28	31.28	31.28	31.28	31.28	0	0	0	0	0	0	
268	45.10	0.17	45.10	45.10	45.10	45.10	45.10	45.10	0	0	0	0	0	0	
269	10.94	0.14	10.94	10.94	10.94	10.94	10.94	10.94	0	0	0	0	0	0	
270	14.17	0.14	14.17	14.17	14.17	14.17	14.17	14.17	0	0	0	0	0	0	
271	70.38	0.05	70.38	70.38	70.38	70.38	70.38	70.38	0	0	0	0	0	0	
272	42.74	0.08	42.74	42.74	42.74	42.74	42.74	42.74	0	0	0	0	0	0	
273	15.10	0.07	15.10	15.10	15.10	15.10	15.10	15.10	0	0	0	0	0	0	
274	49.77	0.15	49.77	49.77	49.77	49.77	49.77	49.77	0	0	0	0	0	0	
275	45.07	0.07	45.07	45.07	45.07	45.07	45.07	45.07	0	0	0	0	0	0	
276	75.08	0.19	75.08	75.08	75.08	75.08	75.08	75.08	0	0	0	0	0	0	
277	71.97	0.13	71.97	71.97	71.97	71.97	71.97	71.97	0	0	0	0	0	0	
278	73.02	0.07	73.02	73.02	73.02	73.02	73.02	73.02	0	0	0	0	0	0	
279	64.02	0.08	64.02	64.02	64.02	64.02	64.02	64.02	0	0	0	0	0	0	
280	33.49	0.11	33.49	33.49	33.49	33.49	33.49	33.49	0	0	0	0	0	0	
281	27.08	0.14	27.08	27.08	27.08	27.08	27.08	27.08	0	0	0	0	0	0	
282	41.98	0.13	41.98	41.98	41.98	41.98	41.98	41.98	0	0	0	0	0	0	
283	45.13	0.09	45.13	45.13	45.13	45.13	45.13	45.13	0	0	0	0	0	0	
284	61.93	0.11	61.93	61.93	61.93	61.93	61.93	61.93	0	0	0	0	0	0	
285	17.90	0.10	17.90	17.90	17.90	17.90	17.90	17.90	0	0	0	0	0	0	
286	29.27	0.13	29.27	29.27	29.27	29.27	29.27	29.27	0	0	0	0	0	0	
287	11.54	0.05	11.54	11.54	11.54	11.54	11.54	11.54	0	0	0	0	0	0	
288	31.03	0.19	31.03	31.03	31.03	31.03	31.03	31.03	0	0	0	0	0	0	
289	20.73	0.18	20.73	20.73	20.73	20.73	20.73	20.73	0	0	0	0	0	0	
290	41.21	0.14	41.21	41.21	41.21	41.21	41.21	41.21	0	0	0	0	0	0	
291	13.01	0.14	13.01	13.01	13.01	13.01	13.01	13.01	0	0	0	0	0	0	
292	38.39	0.16	38.39	38.39	38.39	38.39	38.39	38.39	0	0	0	0	0	0	
293	69.96	0.09	69.96	69.96	69.96	69.96	69.96	69.96	0	0	0	0	0	0	
294	27.70	0.18	27.70	27.70	27.70	27.70	27.70	27.70	0	0	0	0	0	0	
295	76.81	0.11	76.81	76.81	76.81	76.81	76.81	76.81	0	0	0	0	0	0	
296	39.93	0.20	39.93	39.93	39.93	39.93	39.93	39.93	0	0	0	0	0	0	
297	49.43	0.20	49.43	49.43	49.43	49.43	49.43	49.43	0	0	0	0	0	0	
298	69.17	0.07	69.17	69.17	69.17	69.17	69.17	69.17	0	0	0	0	0	0	
299	7.37	0.09	7.37	7.37	7.37	7.37	7.37	7.37	0	0	0	0	0	0	
300	72.28	0.10	72.28	72.28	72.28	72.28	72.28	72.28	0	0	0	0	0	0	
301	71.64	0.11	71.64	71.64	71.64	71.64	71.64	71.64	0	0	0	0	0	0	
302	55.67	0.19	55.67	55.67	55.67	55.67	55.67	55.67	0	0	0	0	0	0	
303	35.44	0.19	35.44	35.44	35.44	35.44	35.44	35.44	0	0	0	0	0	0	
304	36.97	0.14	36.97	36.97	36.97	36.97	36.97	36.97	0	0	0	0	0	0	
305	19.56	0.18	19.56	19.56	19.56	19.56	19.56	19.56	0	0	0	0	0	0	
306	77.69	0.17	77.69	77.69	77.69	77.69	77.69	77.69	0	0	0	0	0	0	
307	54.71	0.15	54.71	54.71	54.71	54.71	54.71	54.71	0	0	0	0	0	0	
308	57.04	0.15	57.04	57.04	57.04	57.04	57.04	57.04	0	0	0	0	0	0	
309	45.26	0.14	45.26	45.26	45.26	45.26	45.26	45.26	0	0	0	0	0	0	
310	6.01	0.10	6.01	6.01	6.01	6.01	6.01	6.01	0	0	0	0	0	0	
311	35.59	0.07	35.59	35.59	35.59	35.59	35.59	35.59	0	0	0	0	0	0	
312	55.39	0.06	55.39	55.39	55.39	55.39	55.39	55.39	0	0	0	0	0	0	
313	23.00	0.09	23.00	23.00	23.00	23.00	23.00	23.00	0	0	0	0	0	0	
314	18.91	0.17	18.91	18.91	18.91	18.91	18.91	18.91	0	0	0	0	0	0	
315	63.66	0.19	63.66	63.66	63.66	63.66	63.66	63.66	0	0	0	0	0	0	
316	49.31	0.19	49.31	49.31	49.31	49.31	49.31	49.31	0	0	0	0	0	0	
317	25.41	0.14	25.41	25.41	25.41	25.41	25.41	25.41	0	0	0	0	0	0	
318	27.06	0.07	27.06	27.06	27.06	27.06	27.06	27.06	0	0	0	0	0	0	
319	46.13	0.10	46.13	46.13	46.13	46.13	46.13	46.13	0	0	0	0	0	0	
320	76.44	0.19	76.44	76.44	76.44	76.44	76.44	76.44	0	0	0	0	0	0	
321	11.48	0.07	11.48	11.48	11.48	11.48	11.48	11.48	0	0	0	0	0	0	
322	67.10	0.07	67.10	67.10	67.10	67.10	67.10	67.10	0	0	0	0	0	0	
323	17.05	0.09	17.05	17.05	17.05	17.05	17.05	17.05	0	0	0	0	0	0	
324	31.66	0.09	31.66	31.66	31.66	31.66	31.66	31.66	0	0	0	0	0	0	
325	13.52	0.06	13.52	13.52	13.52	13.52	13.52	13.52	0	0	0	0	0	0	
326	70.71	0.11	70.71	70.71	70.71	70.71	70.71	70.71	0	0	0	0	0	0	
327	11.68	0.17	11.68	11.68	11.68	11.68	11.68	11.68	0	0	0	0	0	0	
328	33.73	0.19	33.73	33.73	33.73	33.73	33.73	33.73	0	0	0	0	0	0	
329	16.15	0.07	16.15	16.15	16.15	16.15	16.15	16.15	0	0	0	0	0	0	
330	62.61	0.16	62.61	62.61	62.61	62.61	62.61	62.61	0	0	0	0	0	0	
331	49.53	0.05	49.53	49.53	49.53	49.53	49.53	49.53	0	0	0	0	0	0	
332	21.97	0.08	21.97	21.97	21.97	21.97	21.97	21.97	0	0	0	0	0	0	
333	15.13	0.09	15.13	15.13	15.13	15.13	15.13	15.13	0	0	0	0	0	0	
334	34.19	0.16	34.19	34.19	34.19	34.19	34.19	34.19	0	0	0	0	0	0	
335	32.83	0.10	32.83	32.83	32.83	32.83	32.83	32.83	0	0	0	0	0	0	
336	25.35	0.08	25.35	25.35	25.35	25.35	25.35	25.35	0	0	0	0	0	0	
337	24.40	0.15	24.40	24.40	24.40	24.40	24.40	24.40	0	0	0	0	0	0	
338	49.42	0.18	49.42	49.42	49.42	49.42	49.42	49.42	0	0	0	0	0	0	
339	38.14	0.14	38.14	38.14	38.14	38.14	38.14	38.14	0	0	0	0	0	0	
340	51.24	0.16	51.24	51.24	51.24	51.24	51.24	51.24	0	0	0	0	0	0	
341	10.37	0.20	10.37	10.37	10.37	10.37	10.37	10.37	0	0	0	0	0	0	
342	33.31	0.13	33.31	33.31	33.31	33.31	33.31	33.31	0	0	0	0	0	0	
343	38.63	0.15	38.63	38.63	38.63	38.63	38.63	38.63	0	0	0	0	0	0	
344	30.65	0.14	30.65	30.65	30.65	30.65	30.65	30.65	0	0	0	0	0	0	
345	53.78	0.18	53.78	53.78	53.78	53.78	53.78	53.78	0	0	0	0	0	0	
346	68.64	0.09	68.64	68.64	68.64	68.64	68.64	68.64	0	0	0	0	0	0	
347	21.25	0.13	21.25	21.25	21.25	21.25	21.25	21.25	0	0	0	0	0	0	
348	71.01	0.19	71.01	71.01	71.01	71.01	71.01	71.01	0	0	0	0	0	0	
349	15.52	0.09	15.52	15.52	15.52	15.52	15.52	15.52	0	0	0	0	0	0	
350	34.04	0.05	34.04	34.04	34.04	34.04	34.04	34.04	0	0	0	0	0	0	
351	12.37	0.11	12.37	12.37	12.37	12.37	12.37	12.37	0	0	0	0	0	0	
352	42.73	0.05	42.73	42.73	42.73	42.73	42.73	42.73	0	0	0	0	0	0	
353	37.92	0.17	37.92	37.92	37.92	37.92	37.92	37.92	0	0	0	0	0	0	
354	56.89	0.13	56.89	56.89	56.89	56.89	56.89	56.89	0	0	0	0	0	0	
355	31.14	0.17	31.14	31.14	31.14	31.14	31.14	31.14	0	0	0	0	0	0	
356	49.18	0.12	49.18	49.18	49.18	49.18	49.18	49.18	0	0	0	0	0	0	
357	22.26	0.08	22.26	22.26	22.26	22.26	22.26	22.26	0	0	0	0	0	0	
358	29.15	0.17	29.15	29.15	29.15	29.15	29.15	29.15	0	0	0	0	0	0	
359	52.67	0.17	52.67	52.67	52.67	52.67	52.67	52.67	0	0	0	0	0	0	
360	5.89	0.12	5.89	5.89	5.89	5.89	5.89	5.89	0	0	0	0	0	0	
361	40.59	0.10	40.59	40.59	40.59	40.59	40.59	40.59	0	0	0	0	0	0	
362	52.31	0.08	52.31	52.31	52.31	52.31	52.31	52.31	0	0	0	0	0	0	
363	72.80	0.09	72.80	72.80	72.80	72.80	72.80	72.80	0	0	0	0	0	0	
364	46.41	0.05	46.41	46.41	46.41	46.41	46.41	46.41	0	0	0	0	0	0	
365	72.91	0.09	72.91	72.91	72.91	72.91	72.91	72.91	0	0	0	0	0	0	
366	68.23	0.18	68.23	68.23	68.23	68.23	68.23	68.23	0	0	0	0	0	0	
367	42.52	0.14	42.52	42.52	42.52	42.52	42.52	42.52	0	0	0	0	0	0	
368	52.22	0.16	52.22	52.22	52.22	52.22	52.22	52.22	0	0	0	0	0	0	
369	76.74	0.15	76.74	76.74	76.74	76.74	76.74	76.74	0	0	0	0	0	0	
370	75.29	0.18	75.29	75.29	75.29	75.29	75.29	75.29	0	0	0	0	0	0	
371	74.18	0.15	74.18	74.18	74.18	74.18	74.18	74.18	0	0	0	0	0	0	
372	24.24	0.11	24.24	24.24	24.24	24.24	24.24	24.24	0	0	0	0	0	0	
373	38.46	0.07	38.46	38.46	38.46	38.46	38.46	38.46	0	0	0	0	0	0	
374	20.33	0.13	20.33	20.33	20.33	20.33	20.33	20.33	0	0	0	0	0	0	
375	37.12	0.12	37.12	37.12	37.12	37.12	37.12	37.12	0	0	0	0	0	0	
376	77.50	0.14	77.50	77.50	77.50	77.50	77.50	77.50	0	0	0	0	0	0	
377	43.77	0.18	43.77	43.77	43.77	43.77	43.77	43.77	0	0	0	0	0	0	
378	74.54	0.12	74.54	74.54	74.54	74.54	74.54	74.54	0	0	0	0	0	0	
379	70.19	0.05	70.19	70.19	70.19	70.19	70.19	70.19	0	0	0	0	0	0	
380	70.41	0.19	70.41	70.41	70.41	70.41	70.41	70.41	0	0	0	0	0	0	
381	24.53	0.12	24.53	24.53	24.53	24.53	24.53	24.53	0	0	0	0	0	0	
382	9.77	0.10	9.77	9.77	9.77	9.77	9.77	9.77	0	0	0	0	0	0	
383	61.64	0.11	61.64	61.64	61.64	61.64	61.64	61.64	0	0	0	0	0	0	
384	34.42	0.20	34.42	34.42	34.42	34.42	34.42	34.42	0	0	0	0	0	0	
385	33.72	0.09	33.72	33.72	33.72	33.72	33.72	33.72	0	0	0	0	0	0	
386	55.53	0.13	55.53	55.53	55.53	55.53	55.53	55.53	0	0	0	0	0	0	
387	52.03	0.08	52.03	52.03	52.03	52.03	52.03	52.03	0	0	0	0	0	0	
388	70.60	0.10	70.60	70.60	70.60	70.60	70.60	70.60	0	0	0	0	0	0	
389	18.34	0.15	18.34	18.34	18.34	18.34	18.34	18.34	0	0	0	0	0	0	
390	44.08	0.14	44.08	44.08	44.08	44.08	44.08	44.08	0	0	0	0	0	0	
391	26.09	0.07	26.09	26.09	26.09	26.09	26.09	26.09	0	0	0	0	0	0	
392	28.90	0.11	28.90	28.90	28.90	28.90	28.90	28.90	0	0	0	0	0	0	
393	54.34	0.12	54.34	54.34	54.34	54.34	54.34	54.34	0	0	0	0	0	0	
394	7.88	0.18	7.88	7.88	7.88	7.88	7.88	7.88	0	0	0	0	0	0	
395	78.21	0.13	78.21	78.21	78.21	78.21	78.21	78.21	0	0	0	0	0	0	
396	6.90	0.09	6.90	6.90	6.90	6.90	6.90	6.90	0	0	0	0	0	0	
397	54.76	0.13	54.76	54.76	54.76	54.76	54.76	54.76	0	0	0	0	0	0	
398	75.33	0.15	75.33	75.33	75.33	75.33	75.33	75.33	0	0	0	0	0	0	
399	77.96	0.07	77.96	77.96	77.96	77.96	77.96	77.96	0	0	0	0	0	0	
400	79.32	0.14	79.32	79.32	79.32	79.32	79.32	79.32	0	0	0	0	0	0	
401	15.37	0.19	15.37	15.37	15.37	15.37	15.37	15.37	0	0	0	0	0	0	
402	67.31	0.13	67.31	67.31	67.31	67.31	67.31	67.31	0	0	0	0	0	0	
403	75.78	0.20	75.78	75.78	75.78	75.78	75.78	75.78	0	0	0	0	0	0	
404	29.14	0.14	29.14	29.14	29.14	29.14	29.14	29.14	0	0	0	0	0	0	
405	66.35	0.10	66.35	66.35	66.35	66.35	66.35	66.35	0	0	0	0	0	0	
406	37.43	0.12	37.43	37.43	37.43	37.43	37.43	37.43	0	0	0	0	0	0	
407	21.53	0.19	21.53	21.53	21.53	21.53	21.53	21.53	0	0	0	0	0	0	
408	7.54	0.13	7.54	7.54	7.54	7.54	7.54	7.54	0	0	0	0	0	0	
409	33.07	0.07	33.07	33.07	33.07	33.07	33.07	33.07	0	0	0	0	0	0	
410	32.47	0.09	32.47	32.47	32.47	32.47	32.47	32.47	0	0	0	0	0	0	
411	42.28	0.12	42.28	42.28	42.28	42.28	42.28	42.28	0	0	0	0	0	0	
412	16.21	0.13	16.21	16.21	16.21	16.21	16.21	16.21	0	0	0	0	0	0	
413	76.46	0.06	76.46	76.46	76.46	76.46	76.46	76.46	0	0	0	0	0	0	
414	19.48	0.15	19.48	19.48	19.48	19.48	19.48	19.48	0	0	0	0	0	0	
415	19.43	0.16	19.43	19.43	19.43	19.43	19.43	19.43	0	0	0	0	0	0	
416	37.77	0.09	37.77	37.77	37.77	37.77	37.77	37.77	0	0	0	0	0	0	
417	32.95	0.19	32.95	32.95	32.95	32.95	32.95	32.95	0	0	0	0	0	0	
418	76.84	0.19	76.84	76.84	76.84	76.84	76.84	76.84	0	0	0	0	0	0	
419	49.01	0.07	49.01	49.01	49.01	49.01	49.01	49.01	0	0	0	0	0	0	
420	31.20	0.15	31.20	31.20	31.20	31.20	31.20	31.20	0	0	0	0	0	0	
421	69.43	0.06	69.43	69.43	69.43	69.43	69.43	69.43	0	0	0	0	0	0	
422	54.84	0.10	54.84	54.84	54.84	54.84	54.84	54.84	0	0	0	0	0	0	
423	34.28	0.05	34.28	34.28	34.28	34.28	34.28	34.28	0	0	0	0	0	0	
424	28.69	0.16	28.69	28.69	28.69	28.69	28.69	28.69	0	0	0	0	0	0	
425	51.31	0.11	51.31	51.31	51.31	51.31	51.31	51.31	0	0	0	0	0	0	
426	79.82	0.09	79.82	79.82	79.82	79.82	79.82	79.82	0	0	0	0	0	0	
427	66.57	0.17	66.57	66.57	66.57	66.57	66.57	66.57	0	0	0	0	0	0	
428	74.08	0.15	74.08	74.08	74.08	74.08	74.08	74.08	0	0	0	0	0	0	
429	38.21	0.19	38.21	38.21	38.21	38.21	38.21	38.21	0	0	0	0	0	0	
430	48.53	0.11	48.53	48.53	48.53	48.53	48.53	48.53	0	0	0	0	0	0	
431	71.24	0.15	71.24	71.24	71.24	71.24	71.24	71.24	0	0	0	0	0	0	
432	77.13	0.10	77.13	77.13	77.13	77.13	77.13	77.13	0	0	0	0	0	0	
433	39.88	0.15	39.88	39.88	39.88	39.88	39.88	39.88	0	0	0	0	0	0	
434	79.30	0.17	79.30	79.30	79.30	79.30	79.30	79.30	0	0	0	0	0	0	
435	32.46	0.10	32.46	32.46	32.46	32.46	32.46	32.46	0	0	0	0	0	0	
436	34.55	0.05	34.55	34.55	34.55	34.55	34.55	34.55	0	0	0	0	0	0	
437	39.57	0.07	39.57	39.57	39.57	39.57	39.57	39.57	0	0	0	0	0	0	
438	16.57	0.19	16.57	16.57	16.57	16.57	16.57	16.57	0	0	0	0	0	0	
439	7.77	0.08	7.77	7.77	7.77	7.77	7.77	7.77	0	0	0	0	0	0	
440	32.64	0.12	32.64	32.64	32.64	32.64	32.64	32.64	0	0	0	0	0	0	
441	64.18	0.11	64.18	64.18	64.18	64.18	64.18	64.18	0	0	0	0	0	0	
442	21.02	0.13	21.02	21.02	21.02	21.02	21.02	21.02	0	0	0	0	0	0	
443	42.03	0.14	42.03	42.03	42.03	42.03	42.03	42.03	0	0	0	0	0	0	
444	62.73	0.19	62.73	62.73	62.73	62.73	62.73	62.73	0	0	0	0	0	0	
445	34.62	0.17	34.62	34.62	34.62	34.62	34.62	34.62	0	0	0	0	0	0	
446	43.12	0.12	43.12	43.12	43.12	43.12	43.12	43.12	0	0	0	0	0	0	
447	69.41	0.16	69.41	69.41	69.41	69.41	69.41	69.41	0	0	0	0	0	0	
448	61.22	0.11	61.22	61.22	61.22	61.22	61.22	61.22	0	0	0	0	0	0	
449	24.56	0.10	24.56	24.56	24.56	24.56	24.56	24.56	0	0	0	0	0	0	
450	9.10	0.09	9.10	9.10	9.10	9.10	9.10	9.10	0	0	0	0	0	0	
451	6.76	0.15	6.76	6.76	6.76	6.76	6.76	6.76	0	0	0	0	0	0	
452	58.41	0.09	58.41	58.41	58.41	58.41	58.41	58.41	0	0	0	0	0	0	
453	30.13	0.16	30.13	30.13	30.13	30.13	30.13	30.13	0	0	0	0	0	0	
454	60.94	0.14	60.94	60.94	60.94	60.94	60.94	60.94	0	0	0	0	0	0	
455	18.83	0.14	18.83	18.83	18.83	18.83	18.83	18.83	0	0	0	0	0	0	
456	15.55	0.08	15.55	15.55	15.55	15.55	15.55	15.55	0	0	0	0	0	0	
457	64.50	0.12	64.50	64.50	64.50	64.50	64.50	64.50	0	0	0	0	0	0	
458	65.17	0.19	65.17	65.17	65.17	65.17	65.17	65.17	0	0	0	0	0	0	
459	52.98	0.20	52.98	52.98	52.98	52.98	52.98	52.98	0	0	0	0	0	0	
460	52.94	0.09	52.94	52.94	52.94	52.94	52.94	52.94	0	0	0	0	0	0	
461	15.13	0.11	15.13	15.13	15.13	15.13	15.13	15.13	0	0	0	0	0	0	
462	55.52	0.10	55.52	55.52	55.52	55.52	55.52	55.52	0	0	0	0	0	0	
463	43.40	0.14	43.40	43.40	43.40	43.40	43.40	43.40	0	0	0	0	0	0	
464	49.18	0.10	49.18	49.18	49.18	49.18	49.18	49.18	0	0	0	0	0	0	
465	16.04	0.18	16.04	16.04	16.04	16.04	16.04	16.04	0	0	0	0	0	0	
466	61.35	0.08	61.35	61.35	61.35	61.35	61.35	61.35	0	0	0	0	0	0	
467	77.28	0.15	77.28	77.28	77.28	77.28	77.28	77.28	0	0	0	0	0	0	
468	18.28	0.12	18.28	18.28	18.28	18.28	18.28	18.28	0	0	0	0	0	0	
469	71.43	0.13	71.43	71.43	71.43	71.43	71.43	71.43	0	0	0	0	0	0	
470	22.50	0.19	22.50	22.50	22.50	22.50	22.50	22.50	0	0	0	0	0	0	
471	77.31	0.07	77.31	77.31	77.31	77.31	77.31	77.31	0	0	0	0	0	0	
472	5.73	0.06	5.73	5.73	5.73	5.73	5.73	5.73	0	0	0	0	0	0	
473	39.97	0.06	39.97	39.97	39.97	39.97	39.97	39.97	0	0	0	0	0	0	
474	16.61	0.20	16.61	16.61	16.61	16.61	16.61	16.61	0	0	0	0	0	0	
475	55.50	0.14	55.50	55.50	55.50	55.50	55.50	55.50	0	0	0	0	0	0	
476	22.37	0.09	22.37	22.37	22.37	22.37	22.37	22.37	0	0	0	0	0	0	
477	64.82	0.07	64.82	64.82	64.82	64.82	64.82	64.82	0	0	0	0	0	0	
478	68.62	0.11	68.62	68.62	68.62	68.62	68.62	68.62	0	0	0	0	0	0	
479	75.33	0.19	75.33	75.33	75.33	75.33	75.33	75.33	0	0	0	0	0	0	
480	20.24	0.11	20.24	20.24	20.24	20.24	20.24	20.24	0	0	0	0	0	0	
481	79.88	0.06	79.88	79.88	79.88	79.88	79.88	79.88	0	0	0	0	0	0	
482	8.01	0.08	8.01	8.01	8.01	8.01	8.01	8.01	0	0	0	0	0	0	
483	17.88	0.18	17.88	17.88	17.88	17.88	17.88	17.88	0	0	0	0	0	0	
484	54.18	0.11	54.18	54.18	54.18	54.18	54.18	54.18	0	0	0	0	0	0	
485	45.97	0.15	45.97	45.97	45.97	45.97	45.97	45.97	0	0	0	0	0	0	
486	50.36	0.14	50.36	50.36	50.36	50.36	50.36	50.36	0	0	0	0	0	0	
487	27.60	0.07	27.60	27.60	27.60	27.60	27.60	27.60	0	0	0	0	0	0	
488	41.01	0.07	41.01	41.01	41.01	41.01	41.01	41.01	0	0	0	0	0	0	
489	5.71	0.11	5.71	5.71	5.71	5.71	5.71	5.71	0	0	0	0	0	0	
490	63.25	0.10	63.25	63.25	63.25	63.25	63.25	63.25	0	0	0	0	0	0	
491	77.52	0.08	77.52	77.52	77.52	77.52	77.52	77.52	0	0	0	0	0	0	
492	19.36	0.12	19.36	19.36	19.36	19.36	19.36	19.36	0	0	0	0	0	0	
493	65.94	0.10	65.94	65.94	65.94	65.94	65.94	65.94	0	0	0	0	0	0	
494	79.09	0.18	79.09	79.09	79.09	79.09	79.09	79.09	0	0	0	0	0	0	
495	75.03	0.15	75.03	75.03	75.03	75.03	75.03	75.03	0	0	0	0	0	0	
496	48.49	0.08	48.49	48.49	48.49	48.49	48.49	48.49	0	0	0	0	0	0	
497	15.33	0.10	15.33	15.33	15.33	15.33	15.33	15.33	0	0	0	0	0	0	
498	5.89	0.17	5.89	5.89	5.89	5.89	5.89	5.89	0	0	0	0	0	0	
499	52.32	0.18	52.32	52.32	52.32	52.32	52.32	52.32	0	0	0	0	0	0	
500	33.11	0.12	33.11	33.11	33.11	33.11	33.11	33.11	0	0	0	0	0	0	
501	5.95	0.17	5.95	5.95	5.95	5.95	5.95	5.95	0	0	0	0	0	0	
502	63.07	0.07	63.07	63.07	63.07	63.07	63.07	63.07	0	0	0	0	0	0	
503	62.31	0.18	62.31	62.31	62.31	62.31	62.31	62.31	0	0	0	0	0	0	
504	19.97	0.05	19.97	19.97	19.97	19.97	19.97	19.97	0	0	0	0	0	0	
505	21.75	0.08	21.75	21.75	21.75	21.75	21.75	21.75	0	0	0	0	0	0	
506	68.88	0.07	68.88	68.88	68.88	68.88	68.88	68.88	0	0	0	0	0	0	
507	24.54	0.16	24.54	24.54	24.54	24.54	24.54	24.54	0	0	0	0	0	0	
508	53.74	0.11	53.74	53.74	53.74	53.74	53.74	53.74	0	0	0	0	0	0	
509	34.34	0.05	34.34	34.34	34.34	34.34	34.34	34.34	0	0	0	0	0	0	
510	39.07	0.17	39.07	39.07	39.07	39.07	39.07	39.07	0	0	0	0	0	0	
511	41.69	0.12	41.69	41.69	41.69	41.69	41.69	41.69	0	0	0	0	0	0	
512	24.74	0.17	24.74	24.74	24.74	24.74	24.74	24.74	0	0	0	0	0	0	
513	50.52	0.18	50.52	50.52	50.52	50.52	50.52	50.52	0	0	0	0	0	0	
514	9.61	0.19	9.61	9.61	9.61	9.61	9.61	9.61	0	0	0	0	0	0	
515	64.25	0.15	64.25	64.25	64.25	64.25	64.25	64.25	0	0	0	0	0	0	
516	10.97	0.14	10.97	10.97	10.97	10.97	10.97	10.97	0	0	0	0	0	0	
517	75.87	0.18	75.87	75.87	75.87	75.87	75.87	75.87	0	0	0	0	0	0	
518	76.34	0.17	76.34	76.34	76.34	76.34	76.34	76.34	0	0	0	0	0	0	
519	5.49	0.13	5.49	5.49	5.49	5.49	5.49	5.49	0	0	0	0	0	0	
520	39.50	0.15	39.50	39.50	39.50	39.50	39.50	39.50	0	0	0	0	0	0	
521	49.18	0.06	49.18	49.18	49.18	49.18	49.18	49.18	0	0	0	0	0	0	
522	62.56	0.13	62.56	62.56	62.56	62.56	62.56	62.56	0	0	0	0	0	0	
523	28.95	0.12	28.95	28.95	28.95	28.95	28.95	28.95	0	0	0	0	0	0	
524	7.41	0.15	7.41	7.41	7.41	7.41	7.41	7.41	0	0	0	0	0	0	
525	9.70	0.16	9.70	9.70	9.70	9.70	9.70	9.70	0	0	0	0	0	0	
526	46.52	0.07	46.52	46.52	46.52	46.52	46.52	46.52	0	0	0	0	0	0	
527	60.81	0.17	60.81	60.81	60.81	60.81	60.81	60.81	0	0	0	0	0	0	
528	29.86	0.16	29.86	29.86	29.86	29.86	29.86	29.86	0	0	0	0	0	0	
529	49.73	0.13	49.73	49.73	49.73	49.73	49.73	49.73	0	0	0	0	0	0	
530	5.51	0.17	5.51	5.51	5.51	5.51	5.51	5.51	0	0	0	0	0	0	
531	5.62	0.15	5.62	5.62	5.62	5.62	5.62	5.62	0	0	0	0	0	0	
532	6.79	0.06	6.79	6.79	6.79	6.79	6.79	6.79	0	0	0	0	0	0	
533	13.16	0.09	13.16	13.16	13.16	13.16	13.16	13.16	0	0	0	0	0	0	
534	21.54	0.07	21.54	21.54	21.54	21.54	21.54	21.54	0	0	0	0	0	0	
535	16.04	0.06	16.04	16.04	16.04	16.04	16.04	16.04	0	0	0	0	0	0	
536	14.69	0.08	14.69	14.69	14.69	14.69	14.69	14.69	0	0	0	0	0	0	
537	46.85	0.10	46.85	46.85	46.85	46.85	46.85	46.85	0	0	0	0	0	0	
538	74.99	0.17	74.99	74.99	74.99	74.99	74.99	74.99	0	0	0	0	0	0	
539	74.22	0.08	74.22	74.22	74.22	74.22	74.22	74.22	0	0	0	0	0	0	
540	70.60	0.07	70.60	70.60	70.60	70.60	70.60	70.60	0	0	0	0	0	0	
541	37.91	0.08	37.91	37.91	37.91	37.91	37.91	37.91	0	0	0	0	0	0	
542	62.52	0.19	62.52	62.52	62.52	62.52	62.52	62.52	0	0	0	0	0	0	
543	20.79	0.05	20.79	20.79	20.79	20.79	20.79	20.79	0	0	0	0	0	0	
544	59.46	0.20	59.46	59.46	59.46	59.46	59.46	59.46	0	0	0	0	0	0	
545	49.60	0.10	49.60	49.60	49.60	49.60	49.60	49.60	0	0	0	0	0	0	
546	43.00	0.13	43.00	43.00	43.00	43.00	43.00	43.00	0	0	0	0	0	0	
547	65.40	0.20	65.40	65.40	65.40	65.40	65.40	65.40	0	0	0	0	0	0	
548	68.91	0.09	68.91	68.91	68.91	68.91	68.91	68.91	0	0	0	0	0	0	
549	42.68	0.05	42.68	42.68	42.68	42.68	42.68	42.68	0	0	0	0	0	0	
550	30.97	0.17	30.97	30.97	30.97	30.97	30.97	30.97	0	0	0	0	0	0	
551	10.51	0.08	10.51	10.51	10.51	10.51	10.51	10.51	0	0	0	0	0	0	
552	69.41	0.11	69.41	69.41	69.41	69.41	69.41	69.41	0	0	0	0	0	0	
553	53.65	0.14	53.65	53.65	53.65	53.65	53.65	53.65	0	0	0	0	0	0	
554	30.82	0.11	30.82	30.82	30.82	30.82	30.82	30.82	0	0	0	0	0	0	
555	29.47	0.11	29.47	29.47	29.47	29.47	29.47	29.47	0	0	0	0	0	0	
556	27.91	0.09	27.91	27.91	27.91	27.91	27.91	27.91	0	0	0	0	0	0	
557	46.55	0.08	46.55	46.55	46.55	46.55	46.55	46.55	0	0	0	0	0	0	
558	44.86	0.11	44.86	44.86	44.86	44.86	44.86	44.86	0	0	0	0	0	0	
559	15.27	0.09	15.27	15.27	15.27	15.27	15.27	15.27	0	0	0	0	0	0	
560	38.88	0.15	38.88	38.88	38.88	38.88	38.88	38.88	0	0	0	0	0	0	
561	11.06	0.05	11.06	11.06	11.06	11.06	11.06	11.06	0	0	0	0	0	0	
562	29.01	0.16	29.01	29.01	29.01	29.01	29.01	29.01	0	0	0	0	0	0	
563	44.46	0.13	44.46	44.46	44.46	44.46	44.46	44.46	0	0	0	0	0	0	
564	46.20	0.17	46.20	46.20	46.20	46.20	46.20	46.20	0	0	0	0	0	0	
565	49.41	0.15	49.41	49.41	49.41	49.41	49.41	49.41	0	0	0	0	0	0	
566	8.34	0.09	8.34	8.34	8.34	8.34	8.34	8.34	0	0	0	0	0	0	
567	30.92	0.09	30.92	30.92	30.92	30.92	30.92	30.92	0	0	0	0	0	0	
568	46.96	0.12	46.96	46.96	46.96	46.96	46.96	46.96	0	0	0	0	0	0	
569	38.19	0.07	38.19	38.19	38.19	38.19	38.19	38.19	0	0	0	0	0	0	
570	25.48	0.18	25.48	25.48	25.48	25.48	25.48	25.48	0	0	0	0	0	0	
571	22.13	0.11	22.13	22.13	22.13	22.13	22.13	22.13	0	0	0	0	0	0	
572	64.28	0.19	64.28	64.28	64.28	64.28	64.28	64.28	0	0	0	0	0	0	
573	74.07	0.17	74.07	74.07	74.07	74.07	74.07	74.07	0	0	0	0	0	0	
574	22.42	0.07	22.42	22.42	22.42	22.42	22.42	22.42	0	0	0	0	0	0	
575	8.35	0.19	8.35	8.35	8.35	8.35	8.35	8.35	0	0	0	0	0	0	
576	24.34	0.18	24.34	24.34	24.34	24.34	24.34	24.34	0	0	0	0	0	0	
577	67.39	0.07	67.39	67.39	67.39	67.39	67.39	67.39	0	0	0	0	0	0	
578	58.35	0.20	58.35	58.35	58.35	58.35	58.35	58.35	0	0	0	0	0	0	
579	56.15	0.15	56.15	56.15	56.15	56.15	56.15	56.15	0	0	0	0	0	0	
580	77.88	0.12	77.88	77.88	77.88	77.88	77.88	77.88	0	0	0	0	0	0	
581	18.16	0.16	18.16	18.16	18.16	18.16	18.16	18.16	0	0	0	0	0	0	
582	70.28	0.16	70.28	70.28	70.28	70.28	70.28	70.28	0	0	0	0	0	0	
583	71.28	0.08	71.28	71.28	71.28	71.28	71.28	71.28	0	0	0	0	0	0	
584	54.31	0.13	54.31	54.31	54.31	54.31	54.31	54.31	0	0	0	0	0	0	
585	77.40	0.08	77.40	77.40	77.40	77.40	77.40	77.40	0	0	0	0	0	0	
586	9.09	0.08	9.09	9.09	9.09	9.09	9.09	9.09	0	0	0	0	0	0	
587	23.17	0.11	23.17	23.17	23.17	23.17	23.17	23.17	0	0	0	0	0	0	
588	38.42	0.14	38.42	38.42	38.42	38.42	38.42	38.42	0	0	0	0	0	0	
589	72.02	0.13	72.02	72.02	72.02	72.02	72.02	72.02	0	0	0	0	0	0	
590	67.34	0.12	67.34	67.34	67.34	67.34	67.34	67.34	0	0	0	0	0	0	
591	15.17	0.19	15.17	15.17	15.17	15.17	15.17	15.17	0	0	0	0	0	0	
592	64.12	0.18	64.12	64.12	64.12	64.12	64.12	64.12	0	0	0	0	0	0	
593	40.14	0.19	40.14	40.14	40.14	40.14	40.14	40.14	0	0	0	0	0	0	
594	41.58	0.08	41.58	41.58	41.58	41.58	41.58	41.58	0	0	0	0	0	0	
595	23.84	0.09	23.84	23.84	23.84	23.84	23.84	23.84	0	0	0	0	0	0	
596	48.29	0.18	48.29	48.29	48.29	48.29	48.29	48.29	0	0	0	0	0	0	
597	37.40	0.18	37.40	37.40	37.40	37.40	37.40	37.40	0	0	0	0	0	0	
598	22.69	0.09	22.69	22.69	22.69	22.69	22.69	22.69	0	0	0	0	0	0	
599	48.13	0.11	48.13	48.13	48.13	48.13	48.13	48.13	0	0	0	0	0	0	
600	70.45	0.19	70.45	70.45	70.45	70.45	70.45	70.45	0	0	0	0	0	0	
601	21.81	0.07	21.81	21.81	21.81	21.81	21.81	21.81	0	0	0	0	0	0	
602	13.64	0.17	13.64	13.64	13.64	13.64	13.64	13.64	0	0	0	0	0	0	
603	10.48	0.09	10.48	10.48	10.48	10.48	10.48	10.48	0	0	0	0	0	0	
604	36.48	0.12	36.48	36.48	36.48	36.48	36.48	36.48	0	0	0	0	0	0	
605	39.90	0.17	39.90	39.90	39.90	39.90	39.90	39.90	0	0	0	0	0	0	
606	44.35	0.11	44.35	44.35	44.35	44.35	44.35	44.35	0	0	0	0	0	0	
607	55.56	0.15	55.56	55.56	55.56	55.56	55.56	55.56	0	0	0	0	0	0	
608	64.49	0.07	64.49	64.49	64.49	64.49	64.49	64.49	0	0	0	0	0	0	
609	32.61	0.09	32.61	32.61	32.61	32.61	32.61	32.61	0	0	0	0	0	0	
610	8.45	0.17	8.45	8.45	8.45	8.45	8.45	8.45	0	0	0	0	0	0	
611	55.68	0.19	55.68	55.68	55.68	55.68	55.68	55.68	0	0	0	0	0	0	
612	78.28	0.18	78.28	78.28	78.28	78.28	78.28	78.28	0	0	0	0	0	0	
613	17.55	0.09	17.55	17.55	17.55	17.55	17.55	17.55	0	0	0	0	0	0	
614	72.70	0.17	72.70	72.70	72.70	72.70	72.70	72.70	0	0	0	0	0	0	
615	12.10	0.08	12.10	12.10	12.10	12.10	12.10	12.10	0	0	0	0	0	0	
616	69.32	0.11	69.32	69.32	69.32	69.32	69.32	69.32	0	0	0	0	0	0	
617	54.66	0.14	54.66	54.66	54.66	54.66	54.66	54.66	0	0	0	0	0	0	
618	58.48	0.08	58.48	58.48	58.48	58.48	58.48	58.48	0	0	0	0	0	0	
619	73.01	0.07	73.01	73.01	73.01	73.01	73.01	73.01	0	0	0	0	0	0	
620	42.24	0.09	42.24	42.24	42.24	42.24	42.24	42.24	0	0	0	0	0	0	
621	44.30	0.07	44.30	44.30	44.30	44.30	44.30	44.30	0	0	0	0	0	0	
622	71.37	0.19	71.37	71.37	71.37	71.37	71.37	71.37	0	0	0	0	0	0	
623	62.15	0.15	62.15	62.15	62.15	62.15	62.15	62.15	0	0	0	0	0	0	
624	73.85	0.11	73.85	73.85	73.85	73.85	73.85	73.85	0	0	0	0	0	0	
625	72.75	0.20	72.75	72.75	72.75	72.75	72.75	72.75	0	0	0	0	0	0	
626	72.28	0.11	72.28	72.28	72.28	72.28	72.28	72.28	0	0	0	0	0	0	
627	20.16	0.13	20.16	20.16	20.16	20.16	20.16	20.16	0	0	0	0	0	0	
628	50.74	0.17	50.74	50.74	50.74	50.74	50.74	50.74	0	0	0	0	0	0	
629	65.32	0.06	65.32	65.32	65.32	65.32	65.32	65.32	0	0	0	0	0	0	
630	37.00	0.11	37.00	37.00	37.00	37.00	37.00	37.00	0	0	0	0	0	0	
631	56.43	0.19	56.43	56.43	56.43	56.43	56.43	56.43	0	0	0	0	0	0	
632	47.54	0.09	47.54	47.54	47.54	47.54	47.54	47.54	0	0	0	0	0	0	
633	66.85	0.10	66.85	66.85	66.85	66.85	66.85	66.85	0	0	0	0	0	0	
634	79.44	0.05	79.44	79.44	79.44	79.44	79.44	79.44	0	0	0	0	0	0	
635	43.12	0.10	43.12	43.12	43.12	43.12	43.12	43.12	0	0	0	0	0	0	
636	20.71	0.18	20.71	20.71	20.71	20.71	20.71	20.71	0	0	0	0	0	0	
637	27.90	0.06	27.90	27.90	27.90	27.90	27.90	27.90	0	0	0	0	0	0	
638	16.09	0.18	16.09	16.09	16.09	16.09	16.09	16.09	0	0	0	0	0	0	
639	23.32	0.15	23.32	23.32	23.32	23.32	23.32	23.32	0	0	0	0	0	0	
640	55.11	0.05	55.11	55.11	55.11	55.11	55.11	55.11	0	0	0	0	0	0	
641	12.86	0.17	12.86	12.86	12.86	12.86	12.86	12.86	0	0	0	0	0	0	
642	20.89	0.12	20.89	20.89	20.89	20.89	20.89	20.89	0	0	0	0	0	0	
643	24.29	0.19	24.29	24.29	24.29	24.29	24.29	24.29	0	0	0	0	0	0	
644	47.43	0.11	47.43	47.43	47.43	47.43	47.43	47.43	0	0	0	0	0	0	
645	65.22	0.06	65.22	65.22	65.22	65.22	65.22	65.22	0	0	0	0	0	0	
646	16.02	0.11	16.02	16.02	16.02	16.02	16.02	16.02	0	0	0	0	0	0	
647	25.32	0.15	25.32	25.32	25.32	25.32	25.32	25.32	0	0	0	0	0	0	
648	71.17	0.16	71.17	71.17	71.17	71.17	71.17	71.17	0	0	0	0	0	0	
649	48.26	0.18	48.26	48.26	48.26	48.26	48.26	48.26	0	0	0	0	0	0	
650	72.37	0.12	72.37	72.37	72.37	72.37	72.37	72.37	0	0	0	0	0	0	
651	61.75	0.09	61.75	61.75	61.75	61.75	61.75	61.75	0	0	0	0	0	0	
652	7.12	0.08	7.12	7.12	7.12	7.12	7.12	7.12	0	0	0	0	0	0	
653	36.04	0.11	36.04	36.04	36.04	36.04	36.04	36.04	0	0	0	0	0	0	
654	8.21	0.11	8.21	8.21	8.21	8.21	8.21	8.21	0	0	0	0	0	0	
655	68.71	0.18	68.71	68.71	68.71	68.71	68.71	68.71	0	0	0	0	0	0	
656	7.95	0.09	7.95	7.95	7.95	7.95	7.95	7.95	0	0	0	0	0	0	
657	72.00	0.06	72.00	72.00	72.00	72.00	72.00	72.00	0	0	0	0	0	0	
658	46.77	0.10	46.77	46.77	46.77	46.77	46.77	46.77	0	0	0	0	0	0	
659	29.92	0.10	29.92	29.92	29.92	29.92	29.92	29.92	0	0	0	0	0	0	
660	70.13	0.19	70.13	70.13	70.13	70.13	70.13	70.13	0	0	0	0	0	0	
661	23.44	0.06	23.44	23.44	23.44	23.44	23.44	23.44	0	0	0	0	0	0	
662	11.61	0.15	11.61	11.61	11.61	11.61	11.61	11.61	0	0	0	0	0	0	
663	66.62	0.09	66.62	66.62	66.62	66.62	66.62	66.62	0	0	0	0	0	0	
664	19.99	0.17	19.99	19.99	19.99	19.99	19.99	19.99	0	0	0	0	0	0	
665	12.91	0.06	12.91	12.91	12.91	12.91	12.91	12.91	0	0	0	0	0	0	
666	5.21	0.15	5.21	5.21	5.21	5.21	5.21	5.21	0	0	0	0	0	0	
667	23.81	0.11	23.81	23.81	23.81	23.81	23.81	23.81	0	0	0	0	0	0	
668	15.80	0.12	15.80	15.80	15.80	15.80	15.80	15.80	0	0	0	0	0	0	
669	22.97	0.16	22.97	22.97	22.97	22.97	22.97	22.97	0	0	0	0	0	0	
670	37.39	0.17	37.39	37.39	37.39	37.39	37.39	37.39	0	0	0	0	0	0	
671	16.22	0.13	16.22	16.22	16.22	16.22	16.22	16.22	0	0	0	0	0	0	
672	54.39	0.10	54.39	54.39	54.39	54.39	54.39	54.39	0	0	0	0	0	0	
673	72.64	0.18	72.64	72.64	72.64	72.64	72.64	72.64	0	0	0	0	0	0	
674	12.84	0.09	12.84	12.84	12.84	12.84	12.84	12.84	0	0	0	0	0	0	
675	68.70	0.17	68.70	68.70	68.70	68.70	68.70	68.70	0	0	0	0	0	0	
676	39.82	0.16	39.82	39.82	39.82	39.82	39.82	39.82	0	0	0	0	0	0	
677	42.84	0.05	42.84	42.84	42.84	42.84	42.84	42.84	0	0	0	0	0	0	
678	43.15	0.14	43.15	43.15	43.15	43.15	43.15	43.15	0	0	0	0	0	0	
679	78.48	0.06	78.48	78.48	78.48	78.48	78.48	78.48	0	0	0	0	0	0	
680	6.74	0.11	6.74	6.74	6.74	6.74	6.74	6.74	0	0	0	0	0	0	
681	70.99	0.08	70.99	70.99	70.99	70.99	70.99	70.99	0	0	0	0	0	0	
682	39.05	0.18	39.05	39.05	39.05	39.05	39.05	39.05	0	0	0	0	0	0	
683	42.49	0.19	42.49	42.49	42.49	42.49	42.49	42.49	0	0	0	0	0	0	
684	16.15	0.16	16.15	16.15	16.15	16.15	16.15	16.15	0	0	0	0	0	0	
685	48.93	0.09	48.93	48.93	48.93	48.93	48.93	48.93	0	0	0	0	0	0	
686	53.81	0.06	53.81	53.81	53.81	53.81	53.81	53.81	0	0	0	0	0	0	
687	79.91	0.17	79.91	79.91	79.91	79.91	79.91	79.91	0	0	0	0	0	0	
688	28.05	0.18	28.05	28.05	28.05	28.05	28.05	28.05	0	0	0	0	0	0	
689	64.83	0.15	64.83	64.83	64.83	64.83	64.83	64.83	0	0	0	0	0	0	
690	9.17	0.15	9.17	9.17	9.17	9.17	9.17	9.17	0	0	0	0	0	0	
691	56.95	0.18	56.95	56.95	56.95	56.95	56.95	56.95	0	0	0	0	0	0	
692	68.26	0.19	68.26	68.26	68.26	68.26	68.26	68.26	0	0	0	0	0	0	
693	30.98	0.15	30.98	30.98	30.98	30.98	30.98	30.98	0	0	0	0	0	0	
694	41.69	0.11	41.69	41.69	41.69	41.69	41.69	41.69	0	0	0	0	0	0	
695	38.97	0.08	38.97	38.97	38.97	38.97	38.97	38.97	0	0	0	0	0	0	
696	35.53	0.07	35.53	35.53	35.53	35.53	35.53	35.53	0	0	0	0	0	0	
697	36.27	0.05	36.27	36.27	36.27	36.27	36.27	36.27	0	0	0	0	0	0	
698	38.96	0.16	38.96	38.96	38.96	38.96	38.96	38.96	0	0	0	0	0	0	
699	20.20	0.12	20.20	20.20	20.20	20.20	20.20	20.20	0	0	0	0	0	0	
700	60.47	0.13	60.47	60.47	60.47	60.47	60.47	60.47	0	0	0	0	0	0	
701	67.50	0.19	67.50	67.50	67.50	67.50	67.50	67.50	0	0	0	0	0	0	
702	32.30	0.20	32.30	32.30	32.30	32.30	32.30	32.30	0	0	0	0	0	0	
703	68.65	0.10	68.65	68.65	68.65	68.65	68.65	68.65	0	0	0	0	0	0	
704	54.30	0.05	54.30	54.30	54.30	54.30	54.30	54.30	0	0	0	0	0	0	
705	59.46	0.12	59.46	59.46	59.46	59.46	59.46	59.46	0	0	0	0	0	0	
706	24.97	0.17	24.97	24.97	24.97	24.97	24.97	24.97	0	0	0	0	0	0	
707	38.68	0.17	38.68	38.68	38.68	38.68	38.68	38.68	0	0	0	0	0	0	
708	15.78	0.20	15.78	15.78	15.78	15.78	15.78	15.78	0	0	0	0	0	0	
709	14.52	0.12	14.52	14.52	14.52	14.52	14.52	14.52	0	0	0	0	0	0	
710	39.02	0.16	39.02	39.02	39.02	39.02	39.02	39.02	0	0	0	0	0	0	
711	27.73	0.10	27.73	27.73	27.73	27.73	27.73	27.73	0	0	0	0	0	0	
712	17.95	0.09	17.95	17.95	17.95	17.95	17.95	17.95	0	0	0	0	0	0	
713	38.45	0.17	38.45	38.45	38.45	38.45	38.45	38.45	0	0	0	0	0	0	
714	26.66	0.13	26.66	26.66	26.66	26.66	26.66	26.66	0	0	0	0	0	0	
715	77.43	0.20	77.43	77.43	77.43	77.43	77.43	77.43	0	0	0	0	0	0	
716	64.38	0.10	64.38	64.38	64.38	64.38	64.38	64.38	0	0	0	0	0	0	
717	38.79	0.12	38.79	38.79	38.79	38.79	38.79	38.79	0	0	0	0	0	0	
718	36.78	0.20	36.78	36.78	36.78	36.78	36.78	36.78	0	0	0	0	0	0	
719	52.27	0.16	52.27	52.27	52.27	52.27	52.27	52.27	0	0	0	0	0	0	
720	57.03	0.16	57.03	57.03	57.03	57.03	57.03	57.03	0	0	0	0	0	0	
721	74.27	0.06	74.27	74.27	74.27	74.27	74.27	74.27	0	0	0	0	0	0	
722	37.80	0.15	37.80	37.80	37.80	37.80	37.80	37.80	0	0	0	0	0	0	
723	14.58	0.18	14.58	14.58	14.58	14.58	14.58	14.58	0	0	0	0	0	0	
724	77.03	0.11	77.03	77.03	77.03	77.03	77.03	77.03	0	0	0	0	0	0	
725	78.24	0.11	78.24	78.24	78.24	78.24	78.24	78.24	0	0	0	0	0	0	
726	54.53	0.07	54.53	54.53	54.53	54.53	54.53	54.53	0	0	0	0	0	0	
727	50.84	0.12	50.84	50.84	50.84	50.84	50.84	50.84	0	0	0	0	0	0	
728	77.03	0.14	77.03	77.03	77.03	77.03	77.03	77.03	0	0	0	0	0	0	
729	74.04	0.15	74.04	74.04	74.04	74.04	74.04	74.04	0	0	0	0	0	0	
730	30.46	0.07	30.46	30.46	30.46	30.46	30.46	30.46	0	0	0	0	0	0	
731	54.91	0.06	54.91	54.91	54.91	54.91	54.91	54.91	0	0	0	0	0	0	
732	22.72	0.08	22.72	22.72	22.72	22.72	22.72	22.72	0	0	0	0	0	0	
733	17.73	0.06	17.73	17.73	17.73	17.73	17.73	17.73	0	0	0	0	0	0	
734	30.46	0.17	30.46	30.46	30.46	30.46	30.46	30.46	0	0	0	0	0	0	
735	72.84	0.07	72.84	72.84	72.84	72.84	72.84	72.84	0	0	0	0	0	0	
736	54.09	0.07	54.09	54.09	54.09	54.09	54.09	54.09	0	0	0	0	0	0	
737	69.24	0.20	69.24	69.24	69.24	69.24	69.24	69.24	0	0	0	0	0	0	
738	70.54	0.19	70.54	70.54	70.54	70.54	70.54	70.54	0	0	0	0	0	0	
739	43.13	0.12	43.13	43.13	43.13	43.13	43.13	43.13	0	0	0	0	0	0	
740	27.39	0.11	27.39	27.39	27.39	27.39	27.39	27.39	0	0	0	0	0	0	
741	46.31	0.15	46.31	46.31	46.31	46.31	46.31	46.31	0	0	0	0	0	0	
742	51.44	0.12	51.44	51.44	51.44	51.44	51.44	51.44	0	0	0	0	0	0	
743	61.60	0.15	61.60	61.60	61.60	61.60	61.60	61.60	0	0	0	0	0	0	
744	74.65	0.08	74.65	74.65	74.65	74.65	74.65	74.65	0	0	0	0	0	0	
745	56.97	0.12	56.97	56.97	56.97	56.97	56.97	56.97	0	0	0	0	0	0	
746	50.59	0.07	50.59	50.59	50.59	50.59	50.59	50.59	0	0	0	0	0	0	
747	18.71	0.11	18.71	18.71	18.71	18.71	18.71	18.71	0	0	0	0	0	0	
748	55.95	0.11	55.95	55.95	55.95	55.95	55.95	55.95	0	0	0	0	0	0	
749	59.47	0.13	59.47	59.47	59.47	59.47	59.47	59.47	0	0	0	0	0	0	
750	64.38	0.14	64.38	64.38	64.38	64.38	64.38	64.38	0	0	0	0	0	0	
751	12.86	0.07	12.86	12.86	12.86	12.86	12.86	12.86	0	0	0	0	0	0	
752	32.82	0.08	32.82	32.82	32.82	32.82	32.82	32.82	0	0	0	0	0	0	
753	53.96	0.17	53.96	53.96	53.96	53.96	53.96	53.96	0	0	0	0	0	0	
754	18.68	0.10	18.68	18.68	18.68	18.68	18.68	18.68	0	0	0	0	0	0	
755	53.04	0.08	53.04	53.04	53.04	53.04	53.04	53.04	0	0	0	0	0	0	
756	55.13	0.05	55.13	55.13	55.13	55.13	55.13	55.13	0	0	0	0	0	0	
757	63.27	0.16	63.27	63.27	63.27	63.27	63.27	63.27	0	0	0	0	0	0	
758	56.19	0.19	56.19	56.19	56.19	56.19	56.19	56.19	0	0	0	0	0	0	
759	37.25	0.12	37.25	37.25	37.25	37.25	37.25	37.25	0	0	0	0	0	0	
760	50.05	0.09	50.05	50.05	50.05	50.05	50.05	50.05	0	0	0	0	0	0	
761	36.05	0.14	36.05	36.05	36.05	36.05	36.05	36.05	0	0	0	0	0	0	
762	27.84	0.16	27.84	27.84	27.84	27.84	27.84	27.84	0	0	0	0	0	0	
763	31.92	0.12	31.92	31.92	31.92	31.92	31.92	31.92	0	0	0	0	0	0	
764	30.08	0.09	30.08	30.08	30.08	30.08	30.08	30.08	0	0	0	0	0	0	
765	36.07	0.07	36.07	36.07	36.07	36.07	36.07	36.07	0	0	0	0	0	0	
766	11.88	0.20	11.88	11.88	11.88	11.88	11.88	11.88	0	0	0	0	0	0	
767	8.61	0.11	8.61	8.61	8.61	8.61	8.61	8.61	0	0	0	0	0	0	
768	78.98	0.09	78.98	78.98	78.98	78.98	78.98	78.98	0	0	0	0	0	0	
769	77.29	0.13	77.29	77.29	77.29	77.29	77.29	77.29	0	0	0	0	0	0	
770	52.61	0.07	52.61	52.61	52.61	52.61	52.61	52.61	0	0	0	0	0	0	
771	33.92	0.07	33.92	33.92	33.92	33.92	33.92	33.92	0	0	0	0	0	0	
772	6.23	0.19	6.23	6.23	6.23	6.23	6.23	6.23	0	0	0	0	0	0	
773	46.20	0.13	46.20	46.20	46.20	46.20	46.20	46.20	0	0	0	0	0	0	
774	20.12	0.12	20.12	20.12	20.12	20.12	20.12	20.12	0	0	0	0	0	0	
775	12.66	0.11	12.66	12.66	12.66	12.66	12.66	12.66	0	0	0	0	0	0	
776	67.79	0.12	67.79	67.79	67.79	67.79	67.79	67.79	0	0	0	0	0	0	
777	48.95	0.12	48.95	48.95	48.95	48.95	48.95	48.95	0	0	0	0	0	0	
778	24.41	0.16	24.41	24.41	24.41	24.41	24.41	24.41	0	0	0	0	0	0	
779	42.36	0.19	42.36	42.36	42.36	42.36	42.36	42.36	0	0	0	0	0	0	
780	66.62	0.13	66.62	66.62	66.62	66.62	66.62	66.62	0	0	0	0	0	0	
781	19.51	0.11	19.51	19.51	19.51	19.51	19.51	19.51	0	0	0	0	0	0	
782	25.19	0.18	25.19	25.19	25.19	25.19	25.19	25.19	0	0	0	0	0	0	
783	29.05	0.14	29.05	29.05	29.05	29.05	29.05	29.05	0	0	0	0	0	0	
784	41.18	0.08	41.18	41.18	41.18	41.18	41.18	41.18	0	0	0	0	0	0	
785	65.66	0.20	65.66	65.66	65.66	65.66	65.66	65.66	0	0	0	0	0	0	
786	13.35	0.11	13.35	13.35	13.35	13.35	13.35	13.35	0	0	0	0	0	0	
787	9.47	0.17	9.47	9.47	9.47	9.47	9.47	9.47	0	0	0	0	0	0	
788	55.66	0.13	55.66	55.66	55.66	55.66	55.66	55.66	0	0	0	0	0	0	
789	33.30	0.10	33.30	33.30	33.30	33.30	33.30	33.30	0	0	0	0	0	0	
790	35.08	0.15	35.08	35.08	35.08	35.08	35.08	35.08	0	0	0	0	0	0	
791	24.09	0.16	24.09	24.09	24.09	24.09	24.09	24.09	0	0	0	0	0	0	
792	15.96	0.13	15.96	15.96	15.96	15.96	15.96	15.96	0	0	0	0	0	0	
793	55.35	0.19	55.35	55.35	55.35	55.35	55.35	55.35	0	0	0	0	0	0	
794	54.48	0.14	54.48	54.48	54.48	54.48	54.48	54.48	0	0	0	0	0	0	
795	70.46	0.08	70.46	70.46	70.46	70.46	70.46	70.46	0	0	0	0	0	0	
796	13.67	0.18	13.67	13.67	13.67	13.67	13.67	13.67	0	0	0	0	0	0	
797	5.43	0.08	5.43	5.43	5.43	5.43	5.43	5.43	0	0	0	0	0	0	
798	33.94	0.14	33.94	33.94	33.94	33.94	33.94	33.94	0	0	0	0	0	0	
799	25.01	0.15	25.01	25.01	25.01	25.01	25.01	25.01	0	0	0	0	0	0	
800	11.01	0.18	11.01	11.01	11.01	11.01	11.01	11.01	0	0	0	0	0	0	
801	72.28	0.18	72.28	72.28	72.28	72.28	72.28	72.28	0	0	0	0	0	0	
802	20.94	0.19	20.94	20.94	20.94	20.94	20.94	20.94	0	0	0	0	0	0	
803	57.93	0.06	57.93	57.93	57.93	57.93	57.93	57.93	0	0	0	0	0	0	
804	33.81	0.14	33.81	33.81	33.81	33.81	33.81	33.81	0	0	0	0	0	0	
805	71.14	0.14	71.14	71.14	71.14	71.14	71.14	71.14	0	0	0	0	0	0	
806	22.84	0.17	22.84	22.84	22.84	22.84	22.84	22.84	0	0	0	0	0	0	
807	25.13	0.07	25.13	25.13	25.13	25.13	25.13	25.13	0	0	0	0	0	0	
808	29.96	0.10	29.96	29.96	29.96	29.96	29.96	29.96	0	0	0	0	0	0	
809	13.49	0.20	13.49	13.49	13.49	13.49	13.49	13.49	0	0	0	0	0	0	
810	78.70	0.07	78.70	78.70	78.70	78.70	78.70	78.70	0	0	0	0	0	0	
811	19.77	0.15	19.77	19.77	19.77	19.77	19.77	19.77	0	0	0	0	0	0	
812	68.56	0.16	68.56	68.56	68.56	68.56	68.56	68.56	0	0	0	0	0	0	
813	27.31	0.06	27.31	27.31	27.31	27.31	27.31	27.31	0	0	0	0	0	0	
814	24.00	0.12	24.00	24.00	24.00	24.00	24.00	24.00	0	0	0	0	0	0	
815	33.02	0.12	33.02	33.02	33.02	33.02	33.02	33.02	0	0	0	0	0	0	
816	51.06	0.06	51.06	51.06	51.06	51.06	51.06	51.06	0	0	0	0	0	0	
817	32.41	0.06	32.41	32.41	32.41	32.41	32.41	32.41	0	0	0	0	0	0	
818	15.41	0.16	15.41	15.41	15.41	15.41	15.41	15.41	0	0	0	0	0	0	
819	8.19	0.09	8.19	8.19	8.19	8.19	8.19	8.19	0	0	0	0	0	0	
820	60.79	0.12	60.79	60.79	60.79	60.79	60.79	60.79	0	0	0	0	0	0	
821	21.69	0.08	21.69	21.69	21.69	21.69	21.69	21.69	0	0	0	0	0	0	
822	14.00	0.15	14.00	14.00	14.00	14.00	14.00	14.00	0	0	0	0	0	0	
823	15.82	0.09	15.82	15.82	15.82	15.82	15.82	15.82	0	0	0	0	0	0	
824	41.19	0.18	41.19	41.19	41.19	41.19	41.19	41.19	0	0	0	0	0	0	
825	77.29	0.14	77.29	77.29	77.29	77.29	77.29	77.29	0	0	0	0	0	0	
826	33.39	0.11	33.39	33.39	33.39	33.39	33.39	33.39	0	0	0	0	0	0	
827	21.48	0.13	21.48	21.48	21.48	21.48	21.48	21.48	0	0	0	0	0	0	
828	21.53	0.12	21.53	21.53	21.53	21.53	21.53	21.53	0	0	0	0	0	0	
829	63.05	0.07	63.05	63.05	63.05	63.05	63.05	63.05	0	0	0	0	0	0	
830	78.57	0.05	78.57	78.57	78.57	78.57	78.57	78.57	0	0	0	0	0	0	
831	44.34	0.08	44.34	44.34	44.34	44.34	44.34	44.34	0	0	0	0	0	0	
832	49.23	0.16	49.23	49.23	49.23	49.23	49.23	49.23	0	0	0	0	0	0	
833	28.99	0.10	28.99	28.99	28.99	28.99	28.99	28.99	0	0	0	0	0	0	
834	73.25	0.11	73.25	73.25	73.25	73.25	73.25	73.25	0	0	0	0	0	0	
835	71.44	0.14	71.44	71.44	71.44	71.44	71.44	71.44	0	0	0	0	0	0	
836	67.11	0.05	67.11	67.11	67.11	67.11	67.11	67.11	0	0	0	0	0	0	
837	27.44	0.09	27.44	27.44	27.44	27.44	27.44	27.44	0	0	0	0	0	0	
838	28.99	0.20	28.99	28.99	28.99	28.99	28.99	28.99	0	0	0	0	0	0	
839	29.01	0.12	29.01	29.01	29.01	29.01	29.01	29.01	0	0	0	0	0	0	
840	57.55	0.05	57.55	57.55	57.55	57.55	57.55	57.55	0	0	0	0	0	0	
841	35.63	0.06	35.63	35.63	35.63	35.63	35.63	35.63	0	0	0	0	0	0	
842	47.07	0.12	47.07	47.07	47.07	47.07	47.07	47.07	0	0	0	0	0	0	
843	34.60	0.07	34.60	34.60	34.60	34.60	34.60	34.60	0	0	0	0	0	0	
844	38.96	0.07	38.96	38.96	38.96	38.96	38.96	38.96	0	0	0	0	0	0	
845	73.03	0.19	73.03	73.03	73.03	73.03	73.03	73.03	0	0	0	0	0	0	
846	50.33	0.12	50.33	50.33	50.33	50.33	50.33	50.33	0	0	0	0	0	0	
847	73.31	0.15	73.31	73.31	73.31	73.31	73.31	73.31	0	0	0	0	0	0	
848	74.74	0.15	74.74	74.74	74.74	74.74	74.74	74.74	0	0	0	0	0	0	
849	41.64	0.10	41.64	41.64	41.64	41.64	41.64	41.64	0	0	0	0	0	0	
850	7.18	0.06	7.18	7.18	7.18	7.18	7.18	7.18	0	0	0	0	0	0	
851	58.02	0.07	58.02	58.02	58.02	58.02	58.02	58.02	0	0	0	0	0	0	
852	73.81	0.10	73.81	73.81	73.81	73.81	73.81	73.81	0	0	0	0	0	0	
853	37.54	0.12	37.54	37.54	37.54	37.54	37.54	37.54	0	0	0	0	0	0	
854	56.13	0.17	56.13	56.13	56.13	56.13	56.13	56.13	0	0	0	0	0	0	
855	49.32	0.05	49.32	49.32	49.32	49.32	49.32	49.32	0	0	0	0	0	0	
856	11.48	0.11	11.48	11.48	11.48	11.48	11.48	11.48	0	0	0	0	0	0	
857	75.27	0.16	75.27	75.27	75.27	75.27	75.27	75.27	0	0	0	0	0	0	
858	31.89	0.17	31.89	31.89	31.89	31.89	31.89	31.89	0	0	0	0	0	0	
859	26.41	0.08	26.41	26.41	26.41	26.41	26.41	26.41	0	0	0	0	0	0	
860	62.12	0.19	62.12	62.12	62.12	62.12	62.12	62.12	0	0	0	0	0	0	
861	19.49	0.09	19.49	19.49	19.49	19.49	19.49	19.49	0	0	0	0	0	0	
862	15.73	0.18	15.73	15.73	15.73	15.73	15.73	15.73	0	0	0	0	0	0	
863	73.55	0.18	73.55	73.55	73.55	73.55	73.55	73.55	0	0	0	0	0	0	
864	7.51	0.20	7.51	7.51	7.51	7.51	7.51	7.51	0	0	0	0	0	0	
865	68.20	0.12	68.20	68.20	68.20	68.20	68.20	68.20	0	0	0	0	0	0	
866	57.97	0.19	57.97	57.97	57.97	57.97	57.97	57.97	0	0	0	0	0	0	
867	59.73	0.07	59.73	59.73	59.73	59.73	59.73	59.73	0	0	0	0	0	0	
868	11.21	0.19	11.21	11.21	11.21	11.21	11.21	11.21	0	0	0	0	0	0	
869	46.86	0.15	46.86	46.86	46.86	46.86	46.86	46.86	0	0	0	0	0	0	
870	70.46	0.18	70.46	70.46	70.46	70.46	70.46	70.46	0	0	0	0	0	0	
871	38.10	0.11	38.10	38.10	38.10	38.10	38.10	38.10	0	0	0	0	0	0	
872	17.71	0.07	17.71	17.71	17.71	17.71	17.71	17.71	0	0	0	0	0	0	
873	77.17	0.16	77.17	77.17	77.17	77.17	77.17	77.17	0	0	0	0	0	0	
874	63.39	0.19	63.39	63.39	63.39	63.39	63.39	63.39	0	0	0	0	0	0	
875	50.66	0.08	50.66	50.66	50.66	50.66	50.66	50.66	0	0	0	0	0	0	
876	77.51	0.06	77.51	77.51	77.51	77.51	77.51	77.51	0	0	0	0	0	0	
877	24.69	0.18	24.69	24.69	24.69	24.69	24.69	24.69	0	0	0	0	0	0	
878	50.24	0.14	50.24	50.24	50.24	50.24	50.24	50.24	0	0	0	0	0	0	
879	28.74	0.19	28.74	28.74	28.74	28.74	28.74	28.74	0	0	0	0	0	0	
880	60.89	0.16	60.89	60.89	60.89	60.89	60.89	60.89	0	0	0	0	0	0	
881	23.92	0.11	23.92	23.92	23.92	23.92	23.92	23.92	0	0	0	0	0	0	
882	63.28	0.14	63.28	63.28	63.28	63.28	63.28	63.28	0	0	0	0	0	0	
883	65.82	0.06	65.82	65.82	65.82	65.82	65.82	65.82	0	0	0	0	0	0	
884	25.21	0.13	25.21	25.21	25.21	25.21	25.21	25.21	0	0	0	0	0	0	
885	73.67	0.17	73.67	73.67	73.67	73.67	73.67	73.67	0	0	0	0	0	0	
886	57.38	0.16	57.38	57.38	57.38	57.38	57.38	57.38	0	0	0	0	0	0	
887	63.96	0.09	63.96	63.96	63.96	63.96	63.96	63.96	0	0	0	0	0	0	
888	33.11	0.14	33.11	33.11	33.11	33.11	33.11	33.11	0	0	0	0	0	0	
889	14.57	0.17	14.57	14.57	14.57	14.57	14.57	14.57	0	0	0	0	0	0	
890	38.28	0.08	38.28	38.28	38.28	38.28	38.28	38.28	0	0	0	0	0	0	
891	19.25	0.11	19.25	19.25	19.25	19.25	19.25	19.25	0	0	0	0	0	0	
892	48.11	0.16	48.11	48.11	48.11	48.11	48.11	48.11	0	0	0	0	0	0	
893	40.42	0.09	40.42	40.42	40.42	40.42	40.42	40.42	0	0	0	0	0	0	
894	29.26	0.19	29.26	29.26	29.26	29.26	29.26	29.26	0	0	0	0	0	0	
895	8.65	0.17	8.65	8.65	8.65	8.65	8.65	8.65	0	0	0	0	0	0	
896	19.81	0.18	19.81	19.81	19.81	19.81	19.81	19.81	0	0	0	0	0	0	
897	34.07	0.18	34.07	34.07	34.07	34.07	34.07	34.07	0	0	0	0	0	0	
898	36.38	0.16	36.38	36.38	36.38	36.38	36.38	36.38	0	0	0	0	0	0	
899	8.11	0.09	8.11	8.11	8.11	8.11	8.11	8.11	0	0	0	0	0	0	
900	62.20	0.20	62.20	62.20	62.20	62.20	62.20	62.20	0	0	0	0	0	0	
901	27.92	0.10	27.92	27.92	27.92	27.92	27.92	27.92	0	0	0	0	0	0	
902	16.15	0.12	16.15	16.15	16.15	16.15	16.15	16.15	0	0	0	0	0	0	
903	66.17	0.13	66.17	66.17	66.17	66.17	66.17	66.17	0	0	0	0	0	0	
904	70.74	0.06	70.74	70.74	70.74	70.74	70.74	70.74	0	0	0	0	0	0	
905	37.22	0.16	37.22	37.22	37.22	37.22	37.22	37.22	0	0	0	0	0	0	
906	45.06	0.15	45.06	45.06	45.06	45.06	45.06	45.06	0	0	0	0	0	0	
907	19.09	0.18	19.09	19.09	19.09	19.09	19.09	19.09	0	0	0	0	0	0	
908	61.55	0.11	61.55	61.55	61.55	61.55	61.55	61.55	0	0	0	0	0	0	
909	20.51	0.05	20.51	20.51	20.51	20.51	20.51	20.51	0	0	0	0	0	0	
910	27.16	0.13	27.16	27.16	27.16	27.16	27.16	27.16	0	0	0	0	0	0	
911	58.93	0.12	58.93	58.93	58.93	58.93	58.93	58.93	0	0	0	0	0	0	
912	24.00	0.14	24.00	24.00	24.00	24.00	24.00	24.00	0	0	0	0	0	0	
913	52.93	0.11	52.93	52.93	52.93	52.93	52.93	52.93	0	0	0	0	0	0	
914	30.56	0.12	30.56	30.56	30.56	30.56	30.56	30.56	0	0	0	0	0	0	
915	51.16	0.17	51.16	51.16	51.16	51.16	51.16	51.16	0	0	0	0	0	0	
916	78.40	0.08	78.40	78.40	78.40	78.40	78.40	78.40	0	0	0	0	0	0	
917	28.41	0.20	28.41	28.41	28.41	28.41	28.41	28.41	0	0	0	0	0	0	
918	64.58	0.08	64.58	64.58	64.58	64.58	64.58	64.58	0	0	0	0	0	0	
919	57.75	0.06	57.75	57.75	57.75	57.75	57.75	57.75	0	0	0	0	0	0	
920	22.64	0.06	22.64	22.64	22.64	22.64	22.64	22.64	0	0	0	0	0	0	
921	22.40	0.11	22.40	22.40	22.40	22.40	22.40	22.40	0	0	0	0	0	0	
922	77.21	0.10	77.21	77.21	77.21	77.21	77.21	77.21	0	0	0	0	0	0	
923	78.33	0.19	78.33	78.33	78.33	78.33	78.33	78.33	0	0	0	0	0	0	
924	61.12	0.19	61.12	61.12	61.12	61.12	61.12	61.12	0	0	0	0	0	0	
925	65.61	0.07	65.61	65.61	65.61	65.61	65.61	65.61	0	0	0	0	0	0	
926	35.86	0.14	35.86	35.86	35.86	35.86	35.86	35.86	0	0	0	0	0	0	
927	15.18	0.17	15.18	15.18	15.18	15.18	15.18	15.18	0	0	0	0	0	0	
928	16.77	0.18	16.77	16.77	16.77	16.77	16.77	16.77	0	0	0	0	0	0	
929	9.28	0.13	9.28	9.28	9.28	9.28	9.28	9.28	0	0	0	0	0	0	
930	31.03	0.07	31.03	31.03	31.03	31.03	31.03	31.03	0	0	0	0	0	0	
931	62.14	0.08	62.14	62.14	62.14	62.14	62.14	62.14	0	0	0	0	0	0	
932	37.33	0.05	37.33	37.33	37.33	37.33	37.33	37.33	0	0	0	0	0	0	
933	51.83	0.12	51.83	51.83	51.83	51.83	51.83	51.83	0	0	0	0	0	0	
934	42.15	0.11	42.15	42.15	42.15	42.15	42.15	42.15	0	0	0	0	0	0	
935	5.29	0.17	5.29	5.29	5.29	5.29	5.29	5.29	0	0	0	0	0	0	
936	68.43	0.10	68.43	68.43	68.43	68.43	68.43	68.43	0	0	0	0	0	0	
937	60.08	0.07	60.08	60.08	60.08	60.08	60.08	60.08	0	0	0	0	0	0	
938	73.86	0.17	73.86	73.86	73.86	73.86	73.86	73.86	0	0	0	0	0	0	
939	22.92	0.10	22.92	22.92	22.92	22.92	22.92	22.92	0	0	0	0	0	0	
940	19.46	0.13	19.46	19.46	19.46	19.46	19.46	19.46	0	0	0	0	0	0	
941	43.86	0.12	43.86	43.86	43.86	43.86	43.86	43.86	0	0	0	0	0	0	
942	35.66	0.10	35.66	35.66	35.66	35.66	35.66	35.66	0	0	0	0	0	0	
943	15.87	0.08	15.87	15.87	15.87	15.87	15.87	15.87	0	0	0	0	0	0	
944	10.10	0.11	10.10	10.10	10.10	10.10	10.10	10.10	0	0	0	0	0	0	
945	32.83	0.20	32.83	32.83	32.83	32.83	32.83	32.83	0	0	0	0	0	0	
946	43.69	0.06	43.69	43.69	43.69	43.69	43.69	43.69	0	0	0	0	0	0	
947	14.56	0.07	14.56	14.56	14.56	14.56	14.56	14.56	0	0	0	0	0	0	
948	50.98	0.19	50.98	50.98	50.98	50.98	50.98	50.98	0	0	0	0	0	0	
949	18.98	0.14	18.98	18.98	18.98	18.98	18.98	18.98	0	0	0	0	0	0	
950	72.23	0.15	72.23	72.23	72.23	72.23	72.23	72.23	0	0	0	0	0	0	
951	13.54	0.12	13.54	13.54	13.54	13.54	13.54	13.54	0	0	0	0	0	0	
952	23.12	0.08	23.12	23.12	23.12	23.12	23.12	23.12	0	0	0	0	0	0	
953	13.63	0.20	13.63	13.63	13.63	13.63	13.63	13.63	0	0	0	0	0	0	
954	15.91	0.08	15.91	15.91	15.91	15.91	15.91	15.91	0	0	0	0	0	0	
955	30.06	0.20	30.06	30.06	30.06	30.06	30.06	30.06	0	0	0	0	0	0	
956	48.16	0.19	48.16	48.16	48.16	48.16	48.16	48.16	0	0	0	0	0	0	
957	20.55	0.05	20.55	20.55	20.55	20.55	20.55	20.55	0	0	0	0	0	0	
958	5.91	0.08	5.91	5.91	5.91	5.91	5.91	5.91	0	0	0	0	0	0	
959	77.41	0.19	77.41	77.41	77.41	77.41	77.41	77.41	0	0	0	0	0	0	
960	17.42	0.10	17.42	17.42	17.42	17.42	17.42	17.42	0	0	0	0	0	0	
961	27.93	0.06	27.93	27.93	27.93	27.93	27.93	27.93	0	0	0	0	0	0	
962	37.22	0.11	37.22	37.22	37.22	37.22	37.22	37.22	0	0	0	0	0	0	
963	12.31	0.15	12.31	12.31	12.31	12.31	12.31	12.31	0	0	0	0	0	0	
964	12.99	0.07	12.99	12.99	12.99	12.99	12.99	12.99	0	0	0	0	0	0	
965	70.30	0.08	70.30	70.30	70.30	70.30	70.30	70.30	0	0	0	0	0	0	
966	49.70	0.10	49.70	49.70	49.70	49.70	49.70	49.70	0	0	0	0	0	0	
967	78.52	0.18	78.52	78.52	78.52	78.52	78.52	78.52	0	0	0	0	0	0	
968	32.84	0.11	32.84	32.84	32.84	32.84	32.84	32.84	0	0	0	0	0	0	
969	38.39	0.06	38.39	38.39	38.39	38.39	38.39	38.39	0	0	0	0	0	0	
970	30.07	0.10	30.07	30.07	30.07	30.07	30.07	30.07	0	0	0	0	0	0	
971	76.35	0.17	76.35	76.35	76.35	76.35	76.35	76.35	0	0	0	0	0	0	
972	44.09	0.08	44.09	44.09	44.09	44.09	44.09	44.09	0	0	0	0	0	0	
973	14.45	0.15	14.45	14.45	14.45	14.45	14.45	14.45	0	0	0	0	0	0	
974	46.56	0.05	46.56	46.56	46.56	46.56	46.56	46.56	0	0	0	0	0	0	
975	78.68	0.15	78.68	78.68	78.68	78.68	78.68	78.68	0	0	0	0	0	0	
976	6.34	0.20	6.34	6.34	6.34	6.34	6.34	6.34	0	0	0	0	0	0	
977	36.39	0.08	36.39	36.39	36.39	36.39	36.39	36.39	0	0	0	0	0	0	
978	49.44	0.10	49.44	49.44	49.44	49.44	49.44	49.44	0	0	0	0	0	0	
979	69.21	0.17	69.21	69.21	69.21	69.21	69.21	69.21	0	0	0	0	0	0	
980	77.15	0.14	77.15	77.15	77.15	77.15	77.15	77.15	0	0	0	0	0	0	
981	12.21	0.08	12.21	12.21	12.21	12.21	12.21	12.21	0	0	0	0	0	0	
982	35.40	0.17	35.40	35.40	35.40	35.40	35.40	35.40	0	0	0	0	0	0	
983	77.35	0.19	77.35	77.35	77.35	77.35	77.35	77.35	0	0	0	0	0	0	
984	76.66	0.20	76.66	76.66	76.66	76.66	76.66	76.66	0	0	0	0	0	0	
985	38.17	0.13	38.17	38.17	38.17	38.17	38.17	38.17	0	0	0	0	0	0	
986	45.68	0.13	45.68	45.68	45.68	45.68	45.68	45.68	0	0	0	0	0	0	
987	62.10	0.13	62.10	62.10	62.10	62.10	62.10	62.10	0	0	0	0	0	0	
988	43.86	0.09	43.86	43.86	43.86	43.86	43.86	43.86	0	0	0	0	0	0	
989	54.36	0.11	54.36	54.36	54.36	54.36	54.36	54.36	0	0	0	0	0	0	
990	74.75	0.20	74.75	74.75	74.75	74.75	74.75	74.75	0	0	0	0	0	0	
991	75.08	0.09	75.08	75.08	75.08	75.08	75.08	75.08	0	0	0	0	0	0	
992	36.96	0.11	36.96	36.96	36.96	36.96	36.96	36.96	0	0	0	0	0	0	
993	33.29	0.06	33.29	33.29	33.29	33.29	33.29	33.29	0	0	0	0	0	0	
994	50.70	0.15	50.70	50.70	50.70	50.70	50.70	50.70	0	0	0	0	0	0	
995	74.45	0.06	74.45	74.45	74.45	74.45	74.45	74.45	0	0	0	0	0	0	
996	31.12	0.17	31.12	31.12	31.12	31.12	31.12	31.12	0	0	0	0	0	0	
997	35.95	0.08	35.95	35.95	35.95	35.95	35.95	35.95	0	0	0	0	0	0	
998	11.36	0.14	11.36	11.36	11.36	11.36	11.36	11.36	0	0	0	0	0	0	
999	30.50	0.06	30.50	30.50	30.50	30.50	30.50	30.50	0	0	0	0	0	0	
1000	70.30	0.05	70.30	70.30	70.30	70.30	70.30	70.30	0	0	0	0	0	0	
1001	11.37	0.18	11.37	11.37	11.37	11.37	11.37	11.37	0	0	0	0	0	0	
1002	74.74	0.17	74.74	74.74	74.74	74.74	74.74	74.74	0	0	0	0	0	0	
1003	49.32	0.15	49.32	49.32	49.32	49.32	49.32	49.32	0	0	0	0	0	0	
1004	66.98	0.12	66.98	66.98	66.98	66.98	66.98	66.98	0	0	0	0	0	0	
1005	66.83	0.06	66.83	66.83	66.83	66.83	66.83	66.83	0	0	0	0	0	0	
1006	41.11	0.12	41.11	41.11	41.11	41.11	41.11	41.11	0	0	0	0	0	0	
1007	36.96	0.06	36.96	36.96	36.96	36.96	36.96	36.96	0	0	0	0	0	0	
1008	62.52	0.13	62.52	62.52	62.52	62.52	62.52	62.52	0	0	0	0	0	0	
1009	40.53	0.18	40.53	40.53	40.53	40.53	40.53	40.53	0	0	0	0	0	0	
1010	21.65	0.09	21.65	21.65	21.65	21.65	21.65	21.65	0	0	0	0	0	0	
1011	8.61	0.13	8.61	8.61	8.61	8.61	8.61	8.61	0	0	0	0	0	0	
1012	65.37	0.06	65.37	65.37	65.37	65.37	65.37	65.37	0	0	0	0	0	0	
1013	57.74	0.09	57.74	57.74	57.74	57.74	57.74	57.74	0	0	0	0	0	0	
1014	78.51	0.11	78.51	78.51	78.51	78.51	78.51	78.51	0	0	0	0	0	0	
1015	18.40	0.17	18.40	18.40	18.40	18.40	18.40	18.40	0	0	0	0	0	0	
1016	32.98	0.13	32.98	32.98	32.98	32.98	32.98	32.98	0	0	0	0	0	0	
1017	35.71	0.13	35.71	35.71	35.71	35.71	35.71	35.71	0	0	0	0	0	0	
1018	57.18	0.13	57.18	57.18	57.18	57.18	57.18	57.18	0	0	0	0	0	0	
1019	70.05	0.09	70.05	70.05	70.05	70.05	70.05	70.05	0	0	0	0	0	0	
1020	15.11	0.18	15.11	15.11	15.11	15.11	15.11	15.11	0	0	0	0	0	0	
1021	17.42	0.15	17.42	17.42	17.42	17.42	17.42	17.42	0	0	0	0	0	0	
1022	37.18	0.07	37.18	37.18	37.18	37.18	37.18	37.18	0	0	0	0	0	0	
1023	6.34	0.13	6.34	6.34	6.34	6.34	6.34	6.34	0	0	0	0	0	0	
1024	74.78	0.14	74.78	74.78	74.78	74.78	74.78	74.78	0	0	0	0	0	0	
1025	60.02	0.19	60.02	60.02	60.02	60.02	60.02	60.02	0	0	0	0	0	0	
1026	49.77	0.14	49.77	49.77	49.77	49.77	49.77	49.77	0	0	0	0	0	0	
1027	31.40	0.11	31.40	31.40	31.40	31.40	31.40	31.40	0	0	0	0	0	0	
1028	23.42	0.09	23.42	23.42	23.42	23.42	23.42	23.42	0	0	0	0	0	0	
1029	28.15	0.14	28.15	28.15	28.15	28.15	28.15	28.15	0	0	0	0	0	0	
1030	50.28	0.14	50.28	50.28	50.28	50.28	50.28	50.28	0	0	0	0	0	0	
1031	30.93	0.08	30.93	30.93	30.93	30.93	30.93	30.93	0	0	0	0	0	0	
1032	21.39	0.13	21.39	21.39	21.39	21.39	21.39	21.39	0	0	0	0	0	0	
1033	35.10	0.07	35.10	35.10	35.10	35.10	35.10	35.10	0	0	0	0	0	0	
1034	79.68	0.16	79.68	79.68	79.68	79.68	79.68	79.68	0	0	0	0	0	0	
1035	22.66	0.18	22.66	22.66	22.66	22.66	22.66	22.66	0	0	0	0	0	0	
1036	45.09	0.10	45.09	45.09	45.09	45.09	45.09	45.09	0	0	0	0	0	0	
1037	54.38	0.10	54.38	54.38	54.38	54.38	54.38	54.38	0	0	0	0	0	0	
1038	27.91	0.15	27.91	27.91	27.91	27.91	27.91	27.91	0	0	0	0	0	0	
1039	54.19	0.17	54.19	54.19	54.19	54.19	54.19	54.19	0	0	0	0	0	0	
1040	8.97	0.19	8.97	8.97	8.97	8.97	8.97	8.97	0	0	0	0	0	0	
1041	69.91	0.17	69.91	69.91	69.91	69.91	69.91	69.91	0	0	0	0	0	0	
1042	22.29	0.13	22.29	22.29	22.29	22.29	22.29	22.29	0	0	0	0	0	0	
1043	17.33	0.14	17.33	17.33	17.33	17.33	17.33	17.33	0	0	0	0	0	0	
1044	47.44	0.17	47.44	47.44	47.44	47.44	47.44	47.44	0	0	0	0	0	0	
1045	55.06	0.06	55.06	55.06	55.06	55.06	55.06	55.06	0	0	0	0	0	0	
1046	52.48	0.18	52.48	52.48	52.48	52.48	52.48	52.48	0	0	0	0	0	0	
1047	39.68	0.15	39.68	39.68	39.68	39.68	39.68	39.68	0	0	0	0	0	0	
1048	76.78	0.18	76.78	76.78	76.78	76.78	76.78	76.78	0	0	0	0	0	0	
1049	22.06	0.10	22.06	22.06	22.06	22.06	22.06	22.06	0	0	0	0	0	0	
1050	10.25	0.07	10.25	10.25	10.25	10.25	10.25	10.25	0	0	0	0	0	0	
1051	41.36	0.19	41.36	41.36	41.36	41.36	41.36	41.36	0	0	0	0	0	0	
1052	53.45	0.17	53.45	53.45	53.45	53.45	53.45	53.45	0	0	0	0	0	0	
1053	30.00	0.18	30.00	30.00	30.00	30.00	30.00	30.00	0	0	0	0	0	0	
1054	69.80	0.17	69.80	69.80	69.80	69.80	69.80	69.80	0	0	0	0	0	0	
1055	61.17	0.17	61.17	61.17	61.17	61.17	61.17	61.17	0	0	0	0	0	0	
1056	18.26	0.18	18.26	18.26	18.26	18.26	18.26	18.26	0	0	0	0	0	0	
1057	43.15	0.19	43.15	43.15	43.15	43.15	43.15	43.15	0	0	0	0	0	0	
1058	17.62	0.09	17.62	17.62	17.62	17.62	17.62	17.62	0	0	0	0	0	0	
1059	52.62	0.14	52.62	52.62	52.62	52.62	52.62	52.62	0	0	0	0	0	0	
1060	62.56	0.07	62.56	62.56	62.56	62.56	62.56	62.56	0	0	0	0	0	0	
1061	69.43	0.19	69.43	69.43	69.43	69.43	69.43	69.43	0	0	0	0	0	0	
1062	13.45	0.08	13.45	13.45	13.45	13.45	13.45	13.45	0	0	0	0	0	0	
1063	73.25	0.07	73.25	73.25	73.25	73.25	73.25	73.25	0	0	0	0	0	0	
1064	9.19	0.11	9.19	9.19	9.19	9.19	9.19	9.19	0	0	0	0	0	0	
1065	55.97	0.09	55.97	55.97	55.97	55.97	55.97	55.97	0	0	0	0	0	0	
1066	20.94	0.12	20.94	20.94	20.94	20.94	20.94	20.94	0	0	0	0	0	0	
1067	39.51	0.16	39.51	39.51	39.51	39.51	39.51	39.51	0	0	0	0	0	0	
1068	64.10	0.19	64.10	64.10	64.10	64.10	64.10	64.10	0	0	0	0	0	0	
1069	50.08	0.11	50.08	50.08	50.08	50.08	50.08	50.08	0	0	0	0	0	0	
1070	67.79	0.11	67.79	67.79	67.79	67.79	67.79	67.79	0	0	0	0	0	0	
1071	43.14	0.16	43.14	43.14	43.14	43.14	43.14	43.14	0	0	0	0	0	0	
1072	31.47	0.07	31.47	31.47	31.47	31.47	31.47	31.47	0	0	0	0	0	0	
1073	22.88	0.17	22.88	22.88	22.88	22.88	22.88	22.88	0	0	0	0	0	0	
1074	70.27	0.15	70.27	70.27	70.27	70.27	70.27	70.27	0	0	0	0	0	0	
1075	55.96	0.20	55.96	55.96	55.96	55.96	55.96	55.96	0	0	0	0	0	0	
1076	35.87	0.13	35.87	35.87	35.87	35.87	35.87	35.87	0	0	0	0	0	0	
1077	67.71	0.19	67.71	67.71	67.71	67.71	67.71	67.71	0	0	0	0	0	0	
1078	63.39	0.16	63.39	63.39	63.39	63.39	63.39	63.39	0	0	0	0	0	0	
1079	19.81	0.17	19.81	19.81	19.81	19.81	19.81	19.81	0	0	0	0	0	0	
1080	34.34	0.08	34.34	34.34	34.34	34.34	34.34	34.34	0	0	0	0	0	0	
1081	61.22	0.07	61.22	61.22	61.22	61.22	61.22	61.22	0	0	0	0	0	0	
1082	38.28	0.07	38.28	38.28	38.28	38.28	38.28	38.28	0	0	0	0	0	0	
1083	36.34	0.17	36.34	36.34	36.34	36.34	36.34	36.34	0	0	0	0	0	0	
1084	54.36	0.19	54.36	54.36	54.36	54.36	54.36	54.36	0	0	0	0	0	0	
1085	37.62	0.18	37.62	37.62	37.62	37.62	37.62	37.62	0	0	0	0	0	0	
1086	47.91	0.06	47.91	47.91	47.91	47.91	47.91	47.91	0	0	0	0	0	0	
1087	37.89	0.19	37.89	37.89	37.89	37.89	37.89	37.89	0	0	0	0	0	0	
1088	61.83	0.18	61.83	61.83	61.83	61.83	61.83	61.83	0	0	0	0	0	0	
1089	34.10	0.07	34.10	34.10	34.10	34.10	34.10	34.10	0	0	0	0	0	0	
1090	36.57	0.13	36.57	36.57	36.57	36.57	36.57	36.57	0	0	0	0	0	0	
1091	26.78	0.15	26.78	26.78	26.78	26.78	26.78	26.78	0	0	0	0	0	0	
1092	8.40	0.07	8.40	8.40	8.40	8.40	8.40	8.40	0	0	0	0	0	0	
1093	21.95	0.16	21.95	21.95	21.95	21.95	21.95	21.95	0	0	0	0	0	0	
1094	76.19	0.09	76.19	76.19	76.19	76.19	76.19	76.19	0	0	0	0	0	0	
1095	56.56	0.14	56.56	56.56	56.56	56.56	56.56	56.56	0	0	0	0	0	0	
1096	72.83	0.15	72.83	72.83	72.83	72.83	72.83	72.83	0	0	0	0	0	0	
1097	54.34	0.08	54.34	54.34	54.34	54.34	54.34	54.34	0	0	0	0	0	0	
1098	5.78	0.12	5.78	5.78	5.78	5.78	5.78	5.78	0	0	0	0	0	0	
1099	69.01	0.18	69.01	69.01	69.01	69.01	69.01	69.01	0	0	0	0	0	0	
1100	55.29	0.12	55.29	55.29	55.29	55.29	55.29	55.29	0	0	0	0	0	0	
1101	21.60	0.12	21.60	21.60	21.60	21.60	21.60	21.60	0	0	0	0	0	0	
1102	76.04	0.10	76.04	76.04	76.04	76.04	76.04	76.04	0	0	0	0	0	0	
1103	6.42	0.12	6.42	6.42	6.42	6.42	6.42	6.42	0	0	0	0	0	0	
1104	23.98	0.12	23.98	23.98	23.98	23.98	23.98	23.98	0	0	0	0	0	0	
1105	12.08	0.20	12.08	12.08	12.08	12.08	12.08	12.08	0	0	0	0	0	0	
1106	22.78	0.13	22.78	22.78	22.78	22.78	22.78	22.78	0	0	0	0	0	0	
1107	60.29	0.11	60.29	60.29	60.29	60.29	60.29	60.29	0	0	0	0	0	0	
1108	6.98	0.16	6.98	6.98	6.98	6.98	6.98	6.98	0	0	0	0	0	0	
1109	7.96	0.17	7.96	7.96	7.96	7.96	7.96	7.96	0	0	0	0	0	0	
1110	17.58	0.20	17.58	17.58	17.58	17.58	17.58	17.58	0	0	0	0	0	0	
1111	70.85	0.17	70.85	70.85	70.85	70.85	70.85	70.85	0	0	0	0	0	0	
1112	30.08	0.19	30.08	30.08	30.08	30.08	30.08	30.08	0	0	0	0	0	0	
1113	51.24	0.20	51.24	51.24	51.24	51.24	51.24	51.24	0	0	0	0	0	0	
1114	63.64	0.06	63.64	63.64	63.64	63.64	63.64	63.64	0	0	0	0	0	0	
1115	65.90	0.14	65.90	65.90	65.90	65.90	65.90	65.90	0	0	0	0	0	0	
1116	12.49	0.19	12.49	12.49	12.49	12.49	12.49	12.49	0	0	0	0	0	0	
1117	16.88	0.20	16.88	16.88	16.88	16.88	16.88	16.88	0	0	0	0	0	0	
1118	6.83	0.15	6.83	6.83	6.83	6.83	6.83	6.83	0	0	0	0	0	0	
1119	65.90	0.17	65.90	65.90	65.90	65.90	65.90	65.90	0	0	0	0	0	0	
1120	60.70	0.18	60.70	60.70	60.70	60.70	60.70	60.70	0	0	0	0	0	0	
1121	68.83	0.09	68.83	68.83	68.83	68.83	68.83	68.83	0	0	0	0	0	0	
1122	70.96	0.19	70.96	70.96	70.96	70.96	70.96	70.96	0	0	0	0	0	0	
1123	65.92	0.17	65.92	65.92	65.92	65.92	65.92	65.92	0	0	0	0	0	0	
1124	28.01	0.08	28.01	28.01	28.01	28.01	28.01	28.01	0	0	0	0	0	0	
1125	14.16	0.16	14.16	14.16	14.16	14.16	14.16	14.16	0	0	0	0	0	0	
1126	28.87	0.15	28.87	28.87	28.87	28.87	28.87	28.87	0	0	0	0	0	0	
1127	50.09	0.11	50.09	50.09	50.09	50.09	50.09	50.09	0	0	0	0	0	0	
1128	78.29	0.13	78.29	78.29	78.29	78.29	78.29	78.29	0	0	0	0	0	0	
1129	44.79	0.11	44.79	44.79	44.79	44.79	44.79	44.79	0	0	0	0	0	0	
1130	40.62	0.18	40.62	40.62	40.62	40.62	40.62	40.62	0	0	0	0	0	0	
1131	43.00	0.17	43.00	43.00	43.00	43.00	43.00	43.00	0	0	0	0	0	0	
1132	68.36	0.17	68.36	68.36	68.36	68.36	68.36	68.36	0	0	0	0	0	0	
1133	19.26	0.13	19.26	19.26	19.26	19.26	19.26	19.26	0	0	0	0	0	0	
1134	38.91	0.06	38.91	38.91	38.91	38.91	38.91	38.91	0	0	0	0	0	0	
1135	25.28	0.15	25.28	25.28	25.28	25.28	25.28	25.28	0	0	0	0	0	0	
1136	41.68	0.17	41.68	41.68	41.68	41.68	41.68	41.68	0	0	0	0	0	0	
1137	13.84	0.08	13.84	13.84	13.84	13.84	13.84	13.84	0	0	0	0	0	0	
1138	54.93	0.08	54.93	54.93	54.93	54.93	54.93	54.93	0	0	0	0	0	0	
1139	32.93	0.13	32.93	32.93	32.93	32.93	32.93	32.93	0	0	0	0	0	0	
1140	24.70	0.09	24.70	24.70	24.70	24.70	24.70	24.70	0	0	0	0	0	0	
1141	21.18	0.19	21.18	21.18	21.18	21.18	21.18	21.18	0	0	0	0	0	0	
1142	15.91	0.17	15.91	15.91	15.91	15.91	15.91	15.91	0	0	0	0	0	0	
1143	33.75	0.15	33.75	33.75	33.75	33.75	33.75	33.75	0	0	0	0	0	0	
1144	50.98	0.16	50.98	50.98	50.98	50.98	50.98	50.98	0	0	0	0	0	0	
1145	24.05	0.13	24.05	24.05	24.05	24.05	24.05	24.05	0	0	0	0	0	0	
1146	39.77	0.17	39.77	39.77	39.77	39.77	39.77	39.77	0	0	0	0	0	0	
1147	77.78	0.19	77.78	77.78	77.78	77.78	77.78	77.78	0	0	0	0	0	0	
1148	17.65	0.08	17.65	17.65	17.65	17.65	17.65	17.65	0	0	0	0	0	0	
1149	13.39	0.16	13.39	13.39	13.39	13.39	13.39	13.39	0	0	0	0	0	0	
1150	39.47	0.19	39.47	39.47	39.47	39.47	39.47	39.47	0	0	0	0	0	0	
1151	6.71	0.11	6.71	6.71	6.71	6.71	6.71	6.71	0	0	0	0	0	0	
1152	7.51	0.18	7.51	7.51	7.51	7.51	7.51	7.51	0	0	0	0	0	0	
1153	5.55	0.11	5.55	5.55	5.55	5.55	5.55	5.55	0	0	0	0	0	0	
1154	10.86	0.06	10.86	10.86	10.86	10.86	10.86	10.86	0	0	0	0	0	0	
1155	69.50	0.16	69.50	69.50	69.50	69.50	69.50	69.50	0	0	0	0	0	0	
1156	18.09	0.15	18.09	18.09	18.09	18.09	18.09	18.09	0	0	0	0	0	0	
1157	29.40	0.06	29.40	29.40	29.40	29.40	29.40	29.40	0	0	0	0	0	0	
1158	17.09	0.12	17.09	17.09	17.09	17.09	17.09	17.09	0	0	0	0	0	0	
1159	58.33	0.07	58.33	58.33	58.33	58.33	58.33	58.33	0	0	0	0	0	0	
1160	47.97	0.14	47.97	47.97	47.97	47.97	47.97	47.97	0	0	0	0	0	0	
1161	26.41	0.15	26.41	26.41	26.41	26.41	26.41	26.41	0	0	0	0	0	0	
1162	79.44	0.17	79.44	79.44	79.44	79.44	79.44	79.44	0	0	0	0	0	0	
1163	56.55	0.19	56.55	56.55	56.55	56.55	56.55	56.55	0	0	0	0	0	0	
1164	12.23	0.19	12.23	12.23	12.23	12.23	12.23	12.23	0	0	0	0	0	0	
1165	28.49	0.17	28.49	28.49	28.49	28.49	28.49	28.49	0	0	0	0	0	0	
1166	70.98	0.15	70.98	70.98	70.98	70.98	70.98	70.98	0	0	0	0	0	0	
1167	40.00	0.14	40.00	40.00	40.00	40.00	40.00	40.00	0	0	0	0	0	0	
1168	13.93	0.15	13.93	13.93	13.93	13.93	13.93	13.93	0	0	0	0	0	0	
1169	50.36	0.13	50.36	50.36	50.36	50.36	50.36	50.36	0	0	0	0	0	0	
1170	58.94	0.15	58.94	58.94	58.94	58.94	58.94	58.94	0	0	0	0	0	0	
1171	55.45	0.06	55.45	55.45	55.45	55.45	55.45	55.45	0	0	0	0	0	0	
1172	31.06	0.11	31.06	31.06	31.06	31.06	31.06	31.06	0	0	0	0	0	0	
1173	73.27	0.05	73.27	73.27	73.27	73.27	73.27	73.27	0	0	0	0	0	0	
1174	23.19	0.15	23.19	23.19	23.19	23.19	23.19	23.19	0	0	0	0	0	0	
1175	9.83	0.17	9.83	9.83	9.83	9.83	9.83	9.83	0	0	0	0	0	0	
1176	60.50	0.06	60.50	60.50	60.50	60.50	60.50	60.50	0	0	0	0	0	0	
1177	58.90	0.08	58.90	58.90	58.90	58.90	58.90	58.90	0	0	0	0	0	0	
1178	38.44	0.11	38.44	38.44	38.44	38.44	38.44	38.44	0	0	0	0	0	0	
1179	53.34	0.08	53.34	53.34	53.34	53.34	53.34	53.34	0	0	0	0	0	0	
1180	46.36	0.08	46.36	46.36	46.36	46.36	46.36	46.36	0	0	0	0	0	0	
1181	34.98	0.18	34.98	34.98	34.98	34.98	34.98	34.98	0	0	0	0	0	0	
1182	31.54	0.18	31.54	31.54	31.54	31.54	31.54	31.54	0	0	0	0	0	0	
1183	22.58	0.18	22.58	22.58	22.58	22.58	22.58	22.58	0	0	0	0	0	0	
1184	41.28	0.05	41.28	41.28	41.28	41.28	41.28	41.28	0	0	0	0	0	0	
1185	55.24	0.12	55.24	55.24	55.24	55.24	55.24	55.24	0	0	0	0	0	0	
1186	43.45	0.17	43.45	43.45	43.45	43.45	43.45	43.45	0	0	0	0	0	0	
1187	41.64	0.08	41.64	41.64	41.64	41.64	41.64	41.64	0	0	0	0	0	0	
1188	39.65	0.08	39.65	39.65	39.65	39.65	39.65	39.65	0	0	0	0	0	0	
1189	79.67	0.19	79.67	79.67	79.67	79.67	79.67	79.67	0	0	0	0	0	0	
1190	16.24	0.10	16.24	16.24	16.24	16.24	16.24	16.24	0	0	0	0	0	0	
1191	72.20	0.13	72.20	72.20	72.20	72.20	72.20	72.20	0	0	0	0	0	0	
1192	61.29	0.07	61.29	61.29	61.29	61.29	61.29	61.29	0	0	0	0	0	0	
1193	31.05	0.19	31.05	31.05	31.05	31.05	31.05	31.05	0	0	0	0	0	0	
1194	72.68	0.06	72.68	72.68	72.68	72.68	72.68	72.68	0	0	0	0	0	0	
1195	41.30	0.19	41.30	41.30	41.30	41.30	41.30	41.30	0	0	0	0	0	0	
1196	72.76	0.14	72.76	72.76	72.76	72.76	72.76	72.76	0	0	0	0	0	0	
1197	6.52	0.09	6.52	6.52	6.52	6.52	6.52	6.52	0	0	0	0	0	0	
1198	78.26	0.17	78.26	78.26	78.26	78.26	78.26	78.26	0	0	0	0	0	0	
1199	59.14	0.13	59.14	59.14	59.14	59.14	59.14	59.14	0	0	0	0	0	0	
1200	71.01	0.16	71.01	71.01	71.01	71.01	71.01	71.01	0	0	0	0	0	0	
1201	42.53	0.12	42.53	42.53	42.53	42.53	42.53	42.53	0	0	0	0	0	0	
1202	37.30	0.13	37.30	37.30	37.30	37.30	37.30	37.30	0	0	0	0	0	0	
1203	9.05	0.14	9.05	9.05	9.05	9.05	9.05	9.05	0	0	0	0	0	0	
1204	17.95	0.19	17.95	17.95	17.95	17.95	17.95	17.95	0	0	0	0	0	0	
1205	36.41	0.05	36.41	36.41	36.41	36.41	36.41	36.41	0	0	0	0	0	0	
1206	75.85	0.09	75.85	75.85	75.85	75.85	75.85	75.85	0	0	0	0	0	0	
1207	38.01	0.19	38.01	38.01	38.01	38.01	38.01	38.01	0	0	0	0	0	0	
1208	31.14	0.20	31.14	31.14	31.14	31.14	31.14	31.14	0	0	0	0	0	0	
1209	24.07	0.13	24.07	24.07	24.07	24.07	24.07	24.07	0	0	0	0	0	0	
1210	70.61	0.08	70.61	70.61	70.61	70.61	70.61	70.61	0	0	0	0	0	0	
1211	28.64	0.12	28.64	28.64	28.64	28.64	28.64	28.64	0	0	0	0	0	0	
1212	26.82	0.10	26.82	26.82	26.82	26.82	26.82	26.82	0	0	0	0	0	0	
1213	38.98	0.10	38.98	38.98	38.98	38.98	38.98	38.98	0	0	0	0	0	0	
1214	73.72	0.06	73.72	73.72	73.72	73.72	73.72	73.72	0	0	0	0	0	0	
1215	54.53	0.17	54.53	54.53	54.53	54.53	54.53	54.53	0	0	0	0	0	0	
1216	38.77	0.07	38.77	38.77	38.77	38.77	38.77	38.77	0	0	0	0	0	0	
1217	46.61	0.07	46.61	46.61	46.61	46.61	46.61	46.61	0	0	0	0	0	0	
1218	34.04	0.12	34.04	34.04	34.04	34.04	34.04	34.04	0	0	0	0	0	0	
1219	78.50	0.19	78.50	78.50	78.50	78.50	78.50	78.50	0	0	0	0	0	0	
1220	50.36	0.19	50.36	50.36	50.36	50.36	50.36	50.36	0	0	0	0	0	0	
1221	36.34	0.19	36.34	36.34	36.34	36.34	36.34	36.34	0	0	0	0	0	0	
1222	54.76	0.11	54.76	54.76	54.76	54.76	54.76	54.76	0	0	0	0	0	0	
1223	13.28	0.19	13.28	13.28	13.28	13.28	13.28	13.28	0	0	0	0	0	0	
1224	12.99	0.11	12.99	12.99	12.99	12.99	12.99	12.99	0	0	0	0	0	0	
1225	45.76	0.14	45.76	45.76	45.76	45.76	45.76	45.76	0	0	0	0	0	0	
1226	78.27	0.08	78.27	78.27	78.27	78.27	78.27	78.27	0	0	0	0	0	0	
1227	46.56	0.12	46.56	46.56	46.56	46.56	46.56	46.56	0	0	0	0	0	0	
1228	7.28	0.14	7.28	7.28	7.28	7.28	7.28	7.28	0	0	0	0	0	0	
1229	31.16	0.08	31.16	31.16	31.16	31.16	31.16	31.16	0	0	0	0	0	0	
1230	54.16	0.15	54.16	54.16	54.16	54.16	54.16	54.16	0	0	0	0	0	0	
1231	34.97	0.13	34.97	34.97	34.97	34.97	34.97	34.97	0	0	0	0	0	0	
1232	75.15	0.07	75.15	75.15	75.15	75.15	75.15	75.15	0	0	0	0	0	0	
1233	52.53	0.18	52.53	52.53	52.53	52.53	52.53	52.53	0	0	0	0	0	0	
1234	77.11	0.07	77.11	77.11	77.11	77.11	77.11	77.11	0	0	0	0	0	0	
1235	13.54	0.08	13.54	13.54	13.54	13.54	13.54	13.54	0	0	0	0	0	0	
1236	5.69	0.09	5.69	5.69	5.69	5.69	5.69	5.69	0	0	0	0	0	0	
1237	55.37	0.20	55.37	55.37	55.37	55.37	55.37	55.37	0	0	0	0	0	0	
1238	44.13	0.08	44.13	44.13	44.13	44.13	44.13	44.13	0	0	0	0	0	0	
1239	30.01	0.11	30.01	30.01	30.01	30.01	30.01	30.01	0	0	0	0	0	0	
1240	44.05	0.18	44.05	44.05	44.05	44.05	44.05	44.05	0	0	0	0	0	0	
1241	46.22	0.06	46.22	46.22	46.22	46.22	46.22	46.22	0	0	0	0	0	0	
1242	58.60	0.14	58.60	58.60	58.60	58.60	58.60	58.60	0	0	0	0	0	0	
1243	36.23	0.07	36.23	36.23	36.23	36.23	36.23	36.23	0	0	0	0	0	0	
1244	31.41	0.16	31.41	31.41	31.41	31.41	31.41	31.41	0	0	0	0	0	0	
1245	76.04	0.06	76.04	76.04	76.04	76.04	76.04	76.04	0	0	0	0	0	0	
1246	54.04	0.09	54.04	54.04	54.04	54.04	54.04	54.04	0	0	0	0	0	0	
1247	6.79	0.09	6.79	6.79	6.79	6.79	6.79	6.79	0	0	0	0	0	0	
1248	43.39	0.15	43.39	43.39	43.39	43.39	43.39	43.39	0	0	0	0	0	0	
1249	24.40	0.16	24.40	24.40	24.40	24.40	24.40	24.40	0	0	0	0	0	0	
1250	23.79	0.17	23.79	23.79	23.79	23.79	23.79	23.79	0	0	0	0	0	0	
1251	21.54	0.08	21.54	21.54	21.54	21.54	21.54	21.54	0	0	0	0	0	0	
1252	32.04	0.18	32.04	32.04	32.04	32.04	32.04	32.04	0	0	0	0	0	0	
1253	45.62	0.13	45.62	45.62	45.62	45.62	45.62	45.62	0	0	0	0	0	0	
1254	77.04	0.20	77.04	77.04	77.04	77.04	77.04	77.04	0	0	0	0	0	0	
1255	32.64	0.18	32.64	32.64	32.64	32.64	32.64	32.64	0	0	0	0	0	0	
1256	73.81	0.18	73.81	73.81	73.81	73.81	73.81	73.81	0	0	0	0	0	0	
1257	74.35	0.11	74.35	74.35	74.35	74.35	74.35	74.35	0	0	0	0	0	0	
1258	24.69	0.17	24.69	24.69	24.69	24.69	24.69	24.69	0	0	0	0	0	0	
1259	57.15	0.06	57.15	57.15	57.15	57.15	57.15	57.15	0	0	0	0	0	0	
1260	70.02	0.13	70.02	70.02	70.02	70.02	70.02	70.02	0	0	0	0	0	0	
1261	68.09	0.09	68.09	68.09	68.09	68.09	68.09	68.09	0	0	0	0	0	0	
1262	47.49	0.06	47.49	47.49	47.49	47.49	47.49	47.49	0	0	0	0	0	0	
1263	8.48	0.14	8.48	8.48	8.48	8.48	8.48	8.48	0	0	0	0	0	0	
1264	39.81	0.09	39.81	39.81	39.81	39.81	39.81	39.81	0	0	0	0	0	0	
1265	55.41	0.11	55.41	55.41	55.41	55.41	55.41	55.41	0	0	0	0	0	0	
1266	58.14	0.12	58.14	58.14	58.14	58.14	58.14	58.14	0	0	0	0	0	0	
1267	74.14	0.20	74.14	74.14	74.14	74.14	74.14	74.14	0	0	0	0	0	0	
1268	50.08	0.13	50.08	50.08	50.08	50.08	50.08	50.08	0	0	0	0	0	0	
1269	54.30	0.20	54.30	54.30	54.30	54.30	54.30	54.30	0	0	0	0	0	0	
1270	62.01	0.10	62.01	62.01	62.01	62.01	62.01	62.01	0	0	0	0	0	0	
1271	43.18	0.09	43.18	43.18	43.18	43.18	43.18	43.18	0	0	0	0	0	0	
1272	30.88	0.16	30.88	30.88	30.88	30.88	30.88	30.88	0	0	0	0	0	0	
1273	35.06	0.06	35.06	35.06	35.06	35.06	35.06	35.06	0	0	0	0	0	0	
1274	48.35	0.07	48.35	48.35	48.35	48.35	48.35	48.35	0	0	0	0	0	0	
1275	12.97	0.16	12.97	12.97	12.97	12.97	12.97	12.97	0	0	0	0	0	0	
1276	41.92	0.13	41.92	41.92	41.92	41.92	41.92	41.92	0	0	0	0	0	0	
1277	32.90	0.12	32.90	32.90	32.90	32.90	32.90	32.90	0	0	0	0	0	0	
1278	35.93	0.08	35.93	35.93	35.93	35.93	35.93	35.93	0	0	0	0	0	0	
1279	37.30	0.09	37.30	37.30	37.30	37.30	37.30	37.30	0	0	0	0	0	0	
1280	22.53	0.19	22.53	22.53	22.53	22.53	22.53	22.53	0	0	0	0	0	0	
1281	20.50	0.20	20.50	20.50	20.50	20.50	20.50	20.50	0	0	0	0	0	0	
1282	34.10	0.14	34.10	34.10	34.10	34.10	34.10	34.10	0	0	0	0	0	0	
1283	76.22	0.07	76.22	76.22	76.22	76.22	76.22	76.22	0	0	0	0	0	0	
1284	76.41	0.06	76.41	76.41	76.41	76.41	76.41	76.41	0	0	0	0	0	0	
1285	63.42	0.14	63.42	63.42	63.42	63.42	63.42	63.42	0	0	0	0	0	0	
1286	67.80	0.18	67.80	67.80	67.80	67.80	67.80	67.80	0	0	0	0	0	0	
1287	19.76	0.14	19.76	19.76	19.76	19.76	19.76	19.76	0	0	0	0	0	0	
1288	6.37	0.19	6.37	6.37	6.37	6.37	6.37	6.37	0	0	0	0	0	0	
1289	33.68	0.12	33.68	33.68	33.68	33.68	33.68	33.68	0	0	0	0	0	0	
1290	27.37	0.18	27.37	27.37	27.37	27.37	27.37	27.37	0	0	0	0	0	0	
1291	47.21	0.15	47.21	47.21	47.21	47.21	47.21	47.21	0	0	0	0	0	0	
1292	31.95	0.05	31.95	31.95	31.95	31.95	31.95	31.95	0	0	0	0	0	0	
1293	73.89	0.12	73.89	73.89	73.89	73.89	73.89	73.89	0	0	0	0	0	0	
1294	8.37	0.17	8.37	8.37	8.37	8.37	8.37	8.37	0	0	0	0	0	0	
1295	77.78	0.19	77.78	77.78	77.78	77.78	77.78	77.78	0	0	0	0	0	0	
1296	50.27	0.17	50.27	50.27	50.27	50.27	50.27	50.27	0	0	0	0	0	0	
1297	33.62	0.11	33.62	33.62	33.62	33.62	33.62	33.62	0	0	0	0	0	0	
1298	75.52	0.09	75.52	75.52	75.52	75.52	75.52	75.52	0	0	0	0	0	0	
1299	59.02	0.11	59.02	59.02	59.02	59.02	59.02	59.02	0	0	0	0	0	0	
1300	78.57	0.14	78.57	78.57	78.57	78.57	78.57	78.57	0	0	0	0	0	0	
1301	37.26	0.10	37.26	37.26	37.26	37.26	37.26	37.26	0	0	0	0	0	0	
1302	22.13	0.07	22.13	22.13	22.13	22.13	22.13	22.13	0	0	0	0	0	0	
1303	63.60	0.09	63.60	63.60	63.60	63.60	63.60	63.60	0	0	0	0	0	0	
1304	55.64	0.12	55.64	55.64	55.64	55.64	55.64	55.64	0	0	0	0	0	0	
1305	30.49	0.08	30.49	30.49	30.49	30.49	30.49	30.49	0	0	0	0	0	0	
1306	24.24	0.18	24.24	24.24	24.24	24.24	24.24	24.24	0	0	0	0	0	0	
1307	59.10	0.19	59.10	59.10	59.10	59.10	59.10	59.10	0	0	0	0	0	0	
1308	11.62	0.18	11.62	11.62	11.62	11.62	11.62	11.62	0	0	0	0	0	0	
1309	25.52	0.10	25.52	25.52	25.52	25.52	25.52	25.52	0	0	0	0	0	0	
1310	43.30	0.13	43.30	43.30	43.30	43.30	43.30	43.30	0	0	0	0	0	0	
1311	77.96	0.16	77.96	77.96	77.96	77.96	77.96	77.96	0	0	0	0	0	0	
1312	14.35	0.16	14.35	14.35	14.35	14.35	14.35	14.35	0	0	0	0	0	0	
1313	59.86	0.15	59.86	59.86	59.86	59.86	59.86	59.86	0	0	0	0	0	0	
1314	64.76	0.07	64.76	64.76	64.76	64.76	64.76	64.76	0	0	0	0	0	0	
1315	33.24	0.07	33.24	33.24	33.24	33.24	33.24	33.24	0	0	0	0	0	0	
1316	76.01	0.10	76.01	76.01	76.01	76.01	76.01	76.01	0	0	0	0	0	0	
1317	62.68	0.18	62.68	62.68	62.68	62.68	62.68	62.68	0	0	0	0	0	0	
1318	58.87	0.11	58.87	58.87	58.87	58.87	58.87	58.87	0	0	0	0	0	0	
1319	25.17	0.06	25.17	25.17	25.17	25.17	25.17	25.17	0	0	0	0	0	0	
1320	26.41	0.05	26.41	26.41	26.41	26.41	26.41	26.41	0	0	0	0	0	0	
1321	50.82	0.14	50.82	50.82	50.82	50.82	50.82	50.82	0	0	0	0	0	0	
1322	45.67	0.13	45.67	45.67	45.67	45.67	45.67	45.67	0	0	0	0	0	0	
1323	64.66	0.20	64.66	64.66	64.66	64.66	64.66	64.66	0	0	0	0	0	0	
1324	28.34	0.16	28.34	28.34	28.34	28.34	28.34	28.34	0	0	0	0	0	0	
1325	44.07	0.12	44.07	44.07	44.07	44.07	44.07	44.07	0	0	0	0	0	0	
1326	61.81	0.14	61.81	61.81	61.81	61.81	61.81	61.81	0	0	0	0	0	0	
1327	39.33	0.08	39.33	39.33	39.33	39.33	39.33	39.33	0	0	0	0	0	0	
1328	45.09	0.09	45.09	45.09	45.09	45.09	45.09	45.09	0	0	0	0	0	0	
1329	42.95	0.09	42.95	42.95	42.95	42.95	42.95	42.95	0	0	0	0	0	0	
1330	28.89	0.14	28.89	28.89	28.89	28.89	28.89	28.89	0	0	0	0	0	0	
1331	36.49	0.09	36.49	36.49	36.49	36.49	36.49	36.49	0	0	0	0	0	0	
1332	17.04	0.09	17.04	17.04	17.04	17.04	17.04	17.04	0	0	0	0	0	0	
1333	47.72	0.20	47.72	47.72	47.72	47.72	47.72	47.72	0	0	0	0	0	0	
1334	31.00	0.06	31.00	31.00	31.00	31.00	31.00	31.00	0	0	0	0	0	0	
1335	52.41	0.18	52.41	52.41	52.41	52.41	52.41	52.41	0	0	0	0	0	0	
1336	65.65	0.07	65.65	65.65	65.65	65.65	65.65	65.65	0	0	0	0	0	0	
1337	41.48	0.08	41.48	41.48	41.48	41.48	41.48	41.48	0	0	0	0	0	0	
1338	33.70	0.09	33.70	33.70	33.70	33.70	33.70	33.70	0	0	0	0	0	0	
1339	21.19	0.05	21.19	21.19	21.19	21.19	21.19	21.19	0	0	0	0	0	0	
1340	5.23	0.17	5.23	5.23	5.23	5.23	5.23	5.23	0	0	0	0	0	0	
1341	16.41	0.09	16.41	16.41	16.41	16.41	16.41	16.41	0	0	0	0	0	0	
1342	11.84	0.15	11.84	11.84	11.84	11.84	11.84	11.84	0	0	0	0	0	0	
1343	51.75	0.09	51.75	51.75	51.75	51.75	51.75	51.75	0	0	0	0	0	0	
1344	52.80	0.13	52.80	52.80	52.80	52.80	52.80	52.80	0	0	0	0	0	0	
1345	56.87	0.16	56.87	56.87	56.87	56.87	56.87	56.87	0	0	0	0	0	0	
1346	43.97	0.08	43.97	43.97	43.97	43.97	43.97	43.97	0	0	0	0	0	0	
1347	49.15	0.09	49.15	49.15	49.15	49.15	49.15	49.15	0	0	0	0	0	0	
1348	47.91	0.14	47.91	47.91	47.91	47.91	47.91	47.91	0	0	0	0	0	0	
1349	23.49	0.16	23.49	23.49	23.49	23.49	23.49	23.49	0	0	0	0	0	0	
1350	14.54	0.10	14.54	14.54	14.54	14.54	14.54	14.54	0	0	0	0	0	0	
1351	51.16	0.10	51.16	51.16	51.16	51.16	51.16	51.16	0	0	0	0	0	0	
1352	79.54	0.17	79.54	79.54	79.54	79.54	79.54	79.54	0	0	0	0	0	0	
1353	30.90	0.16	30.90	30.90	30.90	30.90	30.90	30.90	0	0	0	0	0	0	
1354	20.57	0.06	20.57	20.57	20.57	20.57	20.57	20.57	0	0	0	0	0	0	
1355	47.08	0.18	47.08	47.08	47.08	47.08	47.08	47.08	0	0	0	0	0	0	
1356	30.19	0.16	30.19	30.19	30.19	30.19	30.19	30.19	0	0	0	0	0	0	
1357	17.50	0.06	17.50	17.50	17.50	17.50	17.50	17.50	0	0	0	0	0	0	
1358	76.25	0.10	76.25	76.25	76.25	76.25	76.25	76.25	0	0	0	0	0	0	
1359	31.88	0.12	31.88	31.88	31.88	31.88	31.88	31.88	0	0	0	0	0	0	
1360	58.42	0.18	58.42	58.42	58.42	58.42	58.42	58.42	0	0	0	0	0	0	
1361	61.29	0.19	61.29	61.29	61.29	61.29	61.29	61.29	0	0	0	0	0	0	
1362	25.69	0.17	25.69	25.69	25.69	25.69	25.69	25.69	0	0	0	0	0	0	
1363	59.37	0.19	59.37	59.37	59.37	59.37	59.37	59.37	0	0	0	0	0	0	
